0	0	3.05	2.85	3.40	2.96
0	1	3.66	2.66	3.86	3.03
0	2	3.79	2.75	4.05	3.57
0	3	3.94	2.96	4.92	3.73
0	4	4.35	3.11	5.56	4.00
0	5	4.94	3.66	6.96	3.97
0	6	5.88	3.81	8.18	4.61
0	7	7.12	3.96	9.07	4.68
0	8	8.96	4.41	8.91	4.00
0	9	10.78	4.59	8.02	3.92
0	10	9.93	4.06	6.13	3.72
0	11	8.77	3.75	4.99	3.76
0	12	6.99	3.88	4.16	3.31
0	13	5.65	3.62	3.61	3.04
0	14	4.56	3.14	2.86	2.88
0	15	4.00	3.02	3.03	2.61
1	0	3.06	2.81	3.68	3.22
1	1	3.14	2.99	3.92	3.15
1	2	3.72	2.91	4.26	3.34
1	3	4.06	3.12	5.26	3.85
1	4	4.62	3.43	6.84	4.11
1	5	5.25	3.83	9.66	4.77
1	6	6.97	4.00	15.39	4.90
1	7	10.03	4.63	25.07	5.37
1	8	15.92	5.09	22.26	5.05
1	9	30.06	5.35	14.33	5.13
1	10	27.21	5.19	8.31	4.75
1	11	14.92	5.17	6.23	3.89
1	12	9.31	4.86	4.27	3.55
1	13	6.07	4.10	3.51	3.07
1	14	4.67	3.36	3.15	2.75
1	15	3.99	3.16	3.01	2.82
2	0	3.13	3.13	4.25	3.23
2	1	3.19	3.08	4.27	3.43
2	2	3.86	3.09	4.92	3.80
2	3	4.06	3.23	6.36	4.24
2	4	5.03	3.80	9.06	5.16
2	5	6.81	4.12	23.16	5.89
2	6	10.06	5.10	72.41	6.91
2	7	18.54	6.26	333.63	8.18
2	8	69.49	7.34	223.21	8.04
2	9	421.44	9.08	49.52	8.01
2	10	346.98	8.20	15.17	6.12
2	11	39.23	6.84	8.06	4.54
2	12	14.08	5.55	5.54	3.85
2	13	7.31	4.44	4.25	3.24
2	14	5.08	3.65	3.20	2.95
2	15	4.22	3.31	3.21	2.82
3	0	3.14	3.13	4.30	3.47
3	1	3.35	2.98	4.19	3.80
3	2	4.04	3.06	5.17	3.81
3	3	4.24	3.40	7.13	4.92
3	4	5.19	3.95	11.32	5.82
3	5	8.18	4.78	51.00	7.80
3	6	18.99	6.15	284.49	11.16
3	7	27.15	7.65	975.24	11.64
3	8	209.12	11.10	975.16	11.89
3	9	976.00	12.93	124.80	10.66
3	10	976.14	12.55	21.24	7.23
3	11	111.79	9.06	9.43	4.65
3	12	18.83	6.19	6.31	4.02
3	13	8.96	5.00	4.19	3.35
3	14	5.30	4.00	3.26	2.98
3	15	4.14	3.47	3.13	2.86
4	0	3.10	3.12	4.22	3.84
4	1	3.11	3.00	4.21	3.91
4	2	3.68	3.36	5.35	4.23
4	3	3.92	4.00	7.21	5.25
4	4	5.64	4.31	14.84	7.16
4	5	10.37	5.70	88.38	12.31
4	6	27.11	8.89	752.58	21.19
4	7	39.49	10.87	975.30	26.15
4	8	467.15	19.12	975.37	24.18
4	9	976.17	31.13	236.67	16.88
4	10	976.01	31.65	36.22	10.99
4	11	210.11	14.57	11.29	6.28
4	12	26.05	8.39	6.97	4.66
4	13	9.97	5.70	4.23	3.73
4	14	5.95	4.25	3.20	3.00
4	15	4.34	3.61	3.19	2.78
5	0	3.09	3.17	4.36	3.91
5	1	3.07	3.10	4.27	3.88
5	2	3.76	3.42	5.25	4.75
5	3	4.13	4.07	7.47	5.81
5	4	5.31	4.58	16.17	8.30
5	5	11.12	6.56	101.47	21.95
5	6	27.07	10.60	898.00	48.92
5	7	41.85	15.17	975.22	160.67
5	8	517.64	43.75	975.31	104.09
5	9	975.97	193.74	285.82	37.86
5	10	976.22	154.46	40.55	17.00
5	11	218.28	27.69	12.30	7.40
5	12	29.21	11.18	7.51	4.98
5	13	10.10	6.41	4.21	3.92
5	14	5.97	4.65	3.39	3.17
5	15	4.59	4.10	3.27	2.87
6	0	2.95	3.27	4.41	4.21
6	1	2.96	3.19	4.35	4.23
6	2	3.66	3.57	5.29	5.06
6	3	4.04	4.27	6.71	7.04
6	4	5.03	5.28	13.52	10.98
6	5	9.79	9.06	77.69	56.37
6	6	21.86	19.22	488.87	302.06
6	7	30.89	23.49	975.35	975.65
6	8	295.30	217.06	975.45	975.70
6	9	976.10	975.85	217.70	134.48
6	10	976.10	975.96	29.84	23.80
6	11	160.83	103.38	10.42	9.73
6	12	20.99	16.36	6.39	6.50
6	13	9.10	8.24	4.42	4.20
6	14	5.84	5.21	3.27	3.19
6	15	4.38	4.22	3.44	3.03
7	0	2.97	3.11	3.90	4.42
7	1	3.12	3.16	3.94	4.62
7	2	3.26	3.46	4.23	5.61
7	3	3.97	4.26	6.45	7.43
7	4	4.33	5.46	10.59	13.87
7	5	7.98	10.61	44.44	89.59
7	6	15.97	29.05	179.46	610.90
7	7	20.23	33.93	975.40	975.79
7	8	97.17	364.34	782.88	975.85
7	9	881.04	975.77	99.07	243.29
7	10	759.51	975.91	20.28	33.46
7	11	67.96	191.26	7.72	11.16
7	12	14.02	22.79	5.40	6.79
7	13	7.00	9.33	4.21	4.09
7	14	5.05	5.32	3.25	3.39
7	15	4.04	4.17	3.24	3.10
8	0	2.98	3.21	3.46	4.07
8	1	2.97	3.01	3.57	4.29
8	2	3.16	3.35	4.30	5.44
8	3	3.85	4.14	5.48	7.86
8	4	4.07	5.34	8.13	16.11
8	5	6.09	11.36	18.32	105.04
8	6	9.97	33.45	34.37	832.53
8	7	11.79	39.83	56.20	975.76
8	8	24.48	468.33	41.35	975.45
8	9	45.61	975.71	22.06	277.41
8	10	43.70	975.68	10.59	39.69
8	11	15.99	217.25	5.63	11.84
8	12	8.54	27.01	4.34	6.74
8	13	5.82	9.44	3.32	4.13
8	14	4.11	5.35	3.25	3.81
8	15	3.99	4.18	3.18	3.25
9	0	2.98	3.22	3.31	4.03
9	1	3.03	3.13	3.24	3.96
9	2	3.05	3.49	3.95	4.95
9	3	3.55	4.10	4.71	7.19
9	4	4.01	5.08	6.18	14.78
9	5	5.36	9.22	10.03	83.82
9	6	8.05	26.92	17.18	593.32
9	7	8.08	34.02	16.24	975.63
9	8	13.09	352.76	15.03	975.56
9	9	16.11	975.72	10.99	204.43
9	10	14.88	975.79	7.03	30.75
9	11	8.82	164.04	5.09	9.83
9	12	5.98	21.09	4.14	5.98
9	13	4.97	8.73	3.13	4.05
9	14	3.95	5.11	3.12	3.47
9	15	3.69	4.18	2.94	3.22
10	0	2.98	3.09	3.24	3.98
10	1	3.07	3.07	3.19	3.92
10	2	2.99	3.23	3.52	4.89
10	3	3.08	4.10	4.21	6.48
10	4	3.85	4.46	5.23	10.63
10	5	4.31	6.97	6.19	41.94
10	6	5.93	14.56	8.44	186.37
10	7	6.05	21.17	9.00	975.57
10	8	7.83	101.92	8.49	576.72
10	9	9.34	805.82	7.17	74.36
10	10	7.95	612.55	5.45	17.64
10	11	5.89	49.83	4.45	7.05
10	12	4.96	12.32	3.63	5.09
10	13	3.98	6.74	3.32	3.97
10	14	3.85	4.93	3.20	3.21
10	15	3.04	4.03	2.78	2.82
11	0	2.99	3.10	3.29	3.80
11	1	2.89	2.96	3.09	3.88
11	2	2.93	3.21	3.29	4.44
11	3	3.02	3.84	3.88	5.82
11	4	3.24	4.13	4.15	8.97
11	5	3.90	6.06	4.79	19.36
11	6	4.55	8.96	5.73	40.99
11	7	4.92	13.10	6.26	99.29
11	8	5.56	28.68	5.82	71.76
11	9	6.11	73.59	5.19	28.68
11	10	6.05	63.57	4.23	10.16
11	11	4.84	17.14	3.79	5.74
11	12	4.28	8.32	3.34	4.73
11	13	3.95	5.51	3.39	3.78
11	14	3.66	4.36	2.84	3.08
11	15	3.07	4.07	2.47	2.93
12	0	2.70	3.03	2.99	3.63
12	1	2.88	3.02	3.21	3.63
12	2	2.92	3.09	3.20	4.00
12	3	3.05	3.52	3.33	5.16
12	4	3.18	3.98	3.49	6.22
12	5	3.73	4.60	4.06	8.50
12	6	3.97	6.03	4.15	12.28
12	7	3.99	7.69	4.26	14.94
12	8	3.99	10.23	4.55	12.97
12	9	4.25	12.75	4.11	8.85
12	10	4.02	11.29	3.40	6.32
12	11	4.11	8.03	3.48	4.92
12	12	3.94	6.35	3.37	4.02
12	13	3.68	4.70	2.92	3.47
12	14	3.17	3.88	2.48	2.96
12	15	3.05	3.58	2.36	2.87
13	0	2.68	3.10	2.66	3.34
13	1	2.82	3.06	2.96	3.27
13	2	2.95	3.12	3.17	3.80
13	3	3.05	3.17	3.24	4.31
13	4	2.99	3.59	3.54	5.06
13	5	3.23	4.15	3.51	6.02
13	6	3.91	4.72	3.57	7.64
13	7	4.01	5.43	3.62	8.60
13	8	3.99	7.10	3.43	7.78
13	9	4.02	8.18	3.49	5.84
13	10	3.89	7.52	3.32	5.23
13	11	4.03	5.87	3.07	4.52
13	12	3.46	5.17	3.29	3.94
13	13	3.15	4.24	2.73	3.25
13	14	3.18	3.92	2.46	3.10
13	15	3.03	3.35	2.31	2.79
14	0	2.26	2.84	2.64	3.04
14	1	2.35	2.83	2.61	3.09
14	2	2.51	2.95	2.86	3.43
14	3	2.91	3.21	3.33	4.06
14	4	2.89	3.34	3.44	4.39
14	5	2.94	3.76	3.39	4.93
14	6	3.09	4.27	3.30	5.45
14	7	2.99	5.00	3.39	5.67
14	8	3.08	5.50	3.55	5.16
14	9	3.27	5.44	3.52	4.65
14	10	2.99	5.28	3.16	4.27
14	11	3.03	4.56	3.22	3.94
14	12	3.06	4.28	2.97	3.61
14	13	3.03	4.06	2.55	3.11
14	14	3.00	3.57	2.53	3.03
14	15	2.93	3.27	2.52	2.61
15	0	2.25	2.65	2.40	2.95
15	1	2.41	2.53	2.22	2.75
15	2	2.58	2.85	2.41	3.18
15	3	2.86	3.02	2.69	3.44
15	4	2.88	3.15	3.22	3.92
15	5	2.91	3.33	3.17	4.12
15	6	3.04	3.93	3.12	4.44
15	7	3.12	4.16	3.11	4.51
15	8	2.99	4.54	3.18	4.18
15	9	3.06	4.49	3.05	3.76
15	10	3.02	4.03	2.97	3.76
15	11	2.90	3.84	2.79	3.49
15	12	3.05	4.04	2.43	3.18
15	13	2.85	3.47	2.49	2.85
15	14	2.89	2.97	2.19	2.77
15	15	3.01	2.92	2.20	2.62
16	0	2.26	2.53	2.34	2.92
16	1	2.30	2.42	2.20	2.79
16	2	2.54	2.59	2.18	2.99
16	3	2.57	2.85	2.44	3.26
16	4	2.74	3.13	2.66	3.75
16	5	3.01	3.15	2.84	3.81
16	6	3.03	3.47	2.82	3.69
16	7	3.11	3.54	3.02	4.02
16	8	2.98	3.52	3.04	3.87
16	9	3.07	3.87	2.50	3.54
16	10	3.09	3.87	2.57	3.22
16	11	3.05	3.41	2.44	2.94
16	12	3.09	3.21	2.33	2.88
16	13	2.94	2.98	2.11	2.76
16	14	2.83	3.02	2.25	2.67
16	15	2.47	2.85	2.24	2.46
17	0	2.04	2.47	2.35	3.04
17	1	2.03	2.58	2.32	2.98
17	2	2.15	2.63	2.19	2.88
17	3	2.32	2.90	2.35	3.01
17	4	2.57	3.16	2.34	3.02
17	5	2.84	3.03	2.63	3.17
17	6	3.10	3.12	2.80	3.16
17	7	3.04	3.38	2.58	3.52
17	8	2.97	3.55	2.38	3.25
17	9	2.95	3.27	2.20	3.27
17	10	2.94	3.39	2.27	2.88
17	11	2.89	3.25	2.27	2.90
17	12	2.76	3.13	2.31	3.04
17	13	2.77	3.09	2.24	2.87
17	14	2.58	2.91	2.17	2.37
17	15	2.15	2.97	2.29	2.27
18	0	2.09	2.53	2.39	2.67
18	1	2.04	2.34	2.33	2.65
18	2	2.07	2.42	2.21	2.72
18	3	2.14	2.65	2.30	2.97
18	4	2.25	2.80	2.52	3.03
18	5	2.61	2.90	2.31	2.91
18	6	2.53	3.10	2.37	3.03
18	7	2.70	3.11	2.31	2.93
18	8	2.63	3.17	2.44	3.00
18	9	2.77	2.97	2.07	2.87
18	10	2.55	3.13	2.25	2.75
18	11	2.47	3.03	2.31	2.78
18	12	2.44	3.16	2.20	2.86
18	13	2.40	2.90	2.13	2.45
18	14	2.29	2.94	2.25	2.33
18	15	2.15	2.41	2.33	2.21
19	0	2.04	2.33	2.31	2.49
19	1	2.04	2.25	2.13	2.39
19	2	2.11	2.24	2.15	2.57
19	3	2.20	2.33	2.33	2.81
19	4	2.18	2.62	2.20	2.92
19	5	2.40	2.92	2.16	2.88
19	6	2.47	2.90	2.19	2.85
19	7	2.43	3.09	2.20	2.92
19	8	2.59	3.01	2.33	2.90
19	9	2.40	3.02	2.24	2.76
19	10	2.40	3.00	2.16	2.79
19	11	2.41	2.86	2.25	2.93
19	12	2.25	2.82	2.12	2.70
19	13	2.17	2.64	2.19	2.28
19	14	2.21	2.50	2.28	2.23
19	15	2.20	2.35	2.15	2.13
20	0	2.01	2.18	2.32	2.15
20	1	2.06	2.13	2.11	2.34
20	2	2.05	2.27	2.15	2.32
20	3	2.12	2.33	2.29	2.45
20	4	2.03	2.55	2.30	2.73
20	5	2.04	2.59	2.22	2.77
20	6	2.17	2.73	2.18	2.84
20	7	2.16	2.72	2.15	2.74
20	8	2.19	2.90	2.21	2.58
20	9	2.23	2.82	2.25	2.58
20	10	2.16	2.33	2.14	2.53
20	11	2.04	2.48	2.14	2.55
20	12	2.05	2.47	2.49	2.11
20	13	2.05	2.37	2.13	1.95
20	14	2.09	2.28	2.08	2.12
20	15	2.02	2.20	2.23	2.13