0	0	2.08	2.59	2.62	2.49
0	1	2.57	2.21	2.83	2.26
0	2	2.26	2.32	2.92	2.54
0	3	2.66	2.15	2.69	2.13
0	4	2.49	2.48	2.90	2.59
0	5	2.88	2.31	2.84	2.30
0	6	2.41	2.62	3.01	2.77
0	7	2.98	2.24	2.86	2.37
0	8	2.68	2.66	3.22	2.79
0	9	3.05	2.47	3.08	2.59
0	10	2.97	2.82	3.57	2.92
0	11	2.99	2.30	3.47	2.64
0	12	3.10	2.83	3.84	2.90
0	13	3.32	2.61	3.73	2.72
0	14	3.45	2.90	3.84	2.98
0	15	3.82	2.78	3.69	2.72
0	16	3.47	2.99	3.97	2.93
0	17	3.88	2.74	3.90	2.79
0	18	3.47	2.90	3.95	2.90
0	19	3.99	3.08	3.51	2.75
0	20	3.95	3.08	3.88	2.94
0	21	3.86	2.88	3.55	2.61
0	22	3.56	2.98	3.83	2.89
0	23	3.96	2.91	3.17	2.72
0	24	3.25	3.05	3.81	2.93
0	25	3.87	3.05	3.09	2.67
0	26	3.53	2.99	2.99	2.90
0	27	3.85	2.73	2.96	2.48
0	28	3.33	2.98	3.10	2.60
0	29	3.17	2.80	2.90	2.39
0	30	3.39	2.91	3.01	2.71
1	0	2.82	2.15	2.77	2.24
1	1	2.20	2.54	2.59	2.24
1	2	2.80	2.17	2.85	2.16
1	3	2.50	2.45	2.57	2.35
1	4	3.02	2.13	2.83	2.37
1	5	2.64	2.60	2.79	2.31
1	6	2.98	2.22	3.02	2.49
1	7	2.90	2.50	3.17	2.22
1	8	3.03	2.13	3.02	2.63
1	9	3.02	2.57	3.23	2.29
1	10	2.97	2.32	3.35	2.71
1	11	3.04	2.56	3.31	2.55
1	12	3.18	2.71	3.82	2.74
1	13	3.05	2.66	3.40	2.60
1	14	3.89	2.84	3.86	2.90
1	15	3.76	2.49	3.91	2.64
1	16	3.93	2.71	4.00	2.88
1	17	3.98	2.73	4.09	2.74
1	18	3.97	3.02	3.94	2.83
1	19	3.92	3.15	3.65	2.97
1	20	4.14	3.05	3.85	2.91
1	21	4.05	2.87	3.47	2.75
1	22	4.03	3.08	3.76	2.79
1	23	4.00	3.17	3.35	2.64
1	24	3.90	3.08	3.69	2.89
1	25	3.94	3.01	3.34	2.79
1	26	3.99	2.85	3.05	2.69
1	27	3.78	2.80	3.18	2.20
1	28	3.88	2.84	3.02	2.63
1	29	3.31	2.75	2.98	2.24
1	30	3.72	3.00	2.92	2.42
2	0	2.19	2.70	2.66	2.53
2	1	2.59	2.15	2.88	2.74
2	2	2.22	2.79	2.81	2.65
2	3	2.68	2.30	3.02	2.70
2	4	2.17	2.73	2.90	2.47
2	5	2.51	2.26	2.97	2.85
2	6	2.55	2.80	3.24	2.77
2	7	2.72	2.69	3.05	2.80
2	8	2.80	2.87	3.40	2.72
2	9	3.05	2.71	3.48	2.83
2	10	3.11	2.83	3.85	2.84
2	11	3.40	2.91	3.81	3.05
2	12	3.06	2.86	3.83	2.79
2	13	3.62	2.90	3.88	2.98
2	14	3.25	3.00	4.12	2.85
2	15	3.75	2.90	4.15	3.05
2	16	3.58	2.98	4.43	3.15
2	17	3.91	3.16	4.14	3.09
2	18	4.17	2.96	4.32	2.91
2	19	4.30	3.04	4.04	3.06
2	20	4.09	3.10	3.96	3.16
2	21	4.53	3.01	4.03	3.02
2	22	4.05	2.98	3.99	2.86
2	23	4.41	3.04	3.98	2.86
2	24	4.05	3.36	3.76	2.87
2	25	4.14	3.09	3.83	2.96
2	26	4.00	2.91	3.60	2.78
2	27	4.04	2.97	3.11	2.91
2	28	3.97	3.00	3.33	2.66
2	29	3.70	2.94	3.05	2.85
2	30	3.05	3.02	3.05	2.75
3	0	2.87	2.10	2.95	2.36
3	1	2.29	2.58	2.61	2.29
3	2	2.81	2.24	3.01	2.37
3	3	2.37	2.60	2.80	2.24
3	4	2.92	2.18	2.98	2.48
3	5	2.45	2.68	3.34	2.44
3	6	2.91	2.31	3.12	2.58
3	7	2.78	2.72	3.28	2.48
3	8	3.03	2.40	3.15	2.79
3	9	2.98	2.75	3.53	2.63
3	10	3.30	2.82	3.94	2.98
3	11	3.05	2.77	3.75	2.78
3	12	3.88	2.90	3.95	2.95
3	13	3.46	2.69	4.10	3.00
3	14	3.93	3.08	4.05	3.02
3	15	4.00	3.26	4.45	2.94
3	16	3.96	3.05	4.64	3.00
3	17	4.08	3.23	4.42	3.19
3	18	4.81	3.19	4.11	2.94
3	19	4.58	3.39	4.33	2.92
3	20	4.88	3.09	4.07	3.04
3	21	4.89	3.56	4.44	2.95
3	22	4.94	3.19	3.99	3.05
3	23	4.12	3.65	4.29	3.04
3	24	4.81	3.15	4.01	3.10
3	25	4.48	3.40	3.57	2.91
3	26	4.94	3.12	3.11	3.04
3	27	4.27	3.45	3.22	2.69
3	28	4.77	3.18	3.13	2.70
3	29	4.08	3.23	3.20	2.28
3	30	3.87	2.90	2.96	2.61
4	0	2.05	2.54	2.91	2.53
4	1	2.72	2.15	3.00	2.67
4	2	2.31	2.54	2.86	2.88
4	3	2.68	2.18	3.02	2.71
4	4	2.19	2.74	2.87	2.59
4	5	2.70	2.56	3.04	2.85
4	6	2.71	2.86	3.46	2.66
4	7	2.78	2.78	3.25	2.97
4	8	2.98	2.92	3.88	2.85
4	9	3.11	2.93	3.60	2.97
4	10	3.11	2.91	3.79	3.02
4	11	3.52	2.94	4.06	3.20
4	12	3.24	2.88	4.20	3.14
4	13	3.75	2.98	4.08	3.02
4	14	3.72	3.06	4.71	3.12
4	15	4.15	2.96	5.02	3.07
4	16	4.16	3.28	5.04	3.38
4	17	4.67	2.98	4.95	3.14
4	18	4.45	3.60	4.77	3.39
4	19	5.20	3.11	4.61	3.22
4	20	5.14	3.54	4.72	3.43
4	21	5.53	3.00	4.83	3.24
4	22	5.10	3.71	4.83	3.48
4	23	4.81	3.17	4.61	3.00
4	24	4.87	3.79	4.56	3.46
4	25	4.68	3.02	4.06	2.93
4	26	4.86	3.60	3.79	2.85
4	27	4.77	3.02	3.79	3.04
4	28	4.56	3.32	3.75	2.71
4	29	4.56	3.01	3.05	2.84
4	30	3.60	2.99	2.85	2.70
5	0	2.88	2.09	2.97	2.58
5	1	2.41	2.36	2.88	2.37
5	2	2.91	2.12	3.14	2.41
5	3	2.54	2.53	2.87	2.34
5	4	2.89	2.12	2.91	2.61
5	5	2.89	2.53	3.19	2.52
5	6	2.94	2.43	3.13	2.86
5	7	2.92	2.65	3.37	2.77
5	8	2.98	2.55	3.09	2.96
5	9	3.01	2.68	3.36	2.86
5	10	3.53	2.93	3.93	3.07
5	11	3.18	3.08	4.18	3.12
5	12	3.84	3.05	4.11	2.94
5	13	3.77	3.22	4.33	3.19
5	14	3.96	3.06	4.98	3.04
5	15	4.14	3.41	5.34	3.21
5	16	4.73	3.06	5.13	3.11
5	17	4.84	3.60	5.04	3.06
5	18	5.03	3.04	5.03	3.24
5	19	5.17	3.40	5.15	3.21
5	20	5.51	3.12	5.04	3.24
5	21	5.37	3.66	4.81	3.12
5	22	5.65	3.11	4.80	3.06
5	23	5.10	3.37	4.49	3.17
5	24	5.58	3.20	4.77	3.14
5	25	5.01	3.47	4.23	2.84
5	26	5.09	3.15	3.93	3.02
5	27	4.96	3.30	3.32	2.82
5	28	4.95	3.09	3.11	2.85
5	29	4.08	3.49	3.18	2.39
5	30	3.95	3.06	3.04	2.66
6	0	2.41	2.79	2.90	2.79
6	1	2.63	2.22	3.10	2.79
6	2	2.23	2.79	2.87	2.72
6	3	2.66	2.28	3.03	2.66
6	4	2.61	2.68	3.08	2.53
6	5	2.62	2.75	2.99	2.97
6	6	2.81	2.89	3.65	2.79
6	7	3.02	2.77	3.58	2.94
6	8	3.10	2.84	3.58	2.86
6	9	3.24	2.96	3.90	3.08
6	10	3.07	2.97	4.35	3.36
6	11	3.54	2.96	4.34	3.24
6	12	3.16	2.95	4.67	3.56
6	13	3.56	2.97	5.02	3.26
6	14	4.02	3.39	5.07	3.59
6	15	4.60	3.01	5.10	3.51
6	16	4.25	3.82	5.50	3.44
6	17	4.70	3.06	5.53	3.62
6	18	5.04	3.73	5.68	3.72
6	19	5.70	3.08	5.03	3.33
6	20	5.22	3.77	5.69	3.45
6	21	5.71	3.58	5.34	3.28
6	22	5.41	3.87	5.31	3.47
6	23	5.66	3.48	4.83	3.28
6	24	5.82	3.87	4.65	3.28
6	25	5.64	3.46	4.61	3.07
6	26	5.20	3.75	4.52	3.14
6	27	4.69	3.08	3.97	2.99
6	28	4.65	3.63	3.64	2.91
6	29	4.64	3.13	3.04	2.98
6	30	4.20	3.13	3.20	2.77
7	0	2.96	2.14	3.02	2.56
7	1	2.89	2.45	3.02	2.41
7	2	2.94	2.14	3.07	2.69
7	3	2.72	2.57	3.15	2.40
7	4	3.04	2.32	3.03	2.62
7	5	2.88	2.72	3.24	2.48
7	6	3.05	2.50	3.04	2.92
7	7	3.04	2.66	3.43	2.91
7	8	3.34	2.86	3.57	2.96
7	9	3.04	2.82	4.00	3.20
7	10	3.53	2.93	4.06	3.25
7	11	3.31	3.07	4.25	3.50
7	12	3.92	3.12	5.01	3.48
7	13	3.86	3.64	5.30	3.19
7	14	4.41	3.27	5.53	3.33
7	15	4.66	3.60	5.87	3.42
7	16	4.99	3.34	6.11	3.83
7	17	5.03	3.74	6.37	3.68
7	18	5.97	3.22	6.76	3.71
7	19	6.15	3.56	6.58	3.42
7	20	6.84	3.81	6.51	3.60
7	21	7.04	3.77	6.28	3.36
7	22	7.54	3.98	5.87	3.13
7	23	7.00	3.64	5.20	3.24
7	24	7.13	3.49	5.08	3.06
7	25	6.67	3.63	4.66	3.32
7	26	6.25	3.43	4.21	3.03
7	27	5.70	3.71	3.85	3.04
7	28	5.92	3.25	3.66	3.05
7	29	5.00	3.58	3.37	2.87
7	30	4.79	3.26	3.06	2.73
8	0	2.49	2.75	3.39	2.65
8	1	2.83	2.31	3.07	2.90
8	2	2.34	2.88	3.52	2.80
8	3	2.77	2.46	3.08	2.92
8	4	2.98	2.92	3.31	2.92
8	5	2.97	2.71	3.27	2.97
8	6	3.12	2.93	3.79	2.91
8	7	3.29	2.94	3.83	2.88
8	8	3.06	2.95	3.80	3.34
8	9	3.20	2.91	4.05	3.42
8	10	3.20	3.03	4.82	3.75
8	11	3.73	3.05	5.04	3.82
8	12	3.49	3.29	5.34	3.67
8	13	4.11	3.11	5.78	3.81
8	14	4.22	3.90	6.85	3.85
8	15	4.95	3.85	6.93	4.05
8	16	5.12	3.87	7.74	4.19
8	17	5.80	3.86	8.00	4.02
8	18	6.74	3.98	8.26	4.12
8	19	7.65	4.09	7.79	3.96
8	20	7.62	4.05	7.76	3.71
8	21	8.50	4.10	7.02	3.88
8	22	8.39	4.29	6.75	3.69
8	23	8.70	4.07	6.03	3.68
8	24	8.05	3.98	5.73	3.74
8	25	7.63	3.99	4.96	3.57
8	26	6.99	3.95	4.87	3.82
8	27	6.58	3.93	4.02	2.98
8	28	5.49	3.86	3.75	3.25
8	29	5.10	3.42	3.31	3.05
8	30	4.28	3.60	3.67	2.88
9	0	3.00	2.18	3.05	2.74
9	1	2.78	2.55	3.12	2.46
9	2	2.98	2.37	3.03	2.79
9	3	2.85	2.55	3.37	2.61
9	4	2.90	2.29	3.20	2.99
9	5	2.97	2.73	3.21	2.91
9	6	3.21	2.71	3.47	2.99
9	7	3.00	2.53	3.53	3.11
9	8	3.64	2.94	3.99	2.99
9	9	3.18	2.89	4.29	3.15
9	10	3.95	3.07	4.85	3.61
9	11	3.84	3.15	5.12	3.44
9	12	4.06	3.05	5.23	3.95
9	13	4.06	3.56	6.34	3.86
9	14	4.94	3.33	7.08	4.01
9	15	4.99	3.69	7.96	4.08
9	16	5.59	3.94	8.75	4.00
9	17	6.11	4.20	9.31	4.13
9	18	7.93	4.12	9.69	4.08
9	19	8.37	4.54	9.13	4.05
9	20	9.71	4.12	8.83	3.99
9	21	10.04	4.44	8.26	3.79
9	22	10.90	4.20	7.15	3.95
9	23	10.10	4.51	6.35	3.69
9	24	9.93	4.13	6.07	3.96
9	25	9.06	4.08	5.16	3.40
9	26	8.03	4.12	4.16	3.16
9	27	6.96	4.12	4.18	3.13
9	28	6.48	4.15	3.96	3.13
9	29	5.08	3.55	3.23	3.15
9	30	4.85	3.13	3.00	2.90
10	0	2.27	2.83	3.45	2.82
10	1	2.78	2.17	3.14	2.89
10	2	2.49	2.84	3.39	2.86
10	3	2.85	2.41	3.07	3.05
10	4	2.87	3.04	3.45	2.83
10	5	3.01	2.65	3.64	3.35
10	6	3.21	2.87	3.83	3.11
10	7	3.30	2.83	3.96	2.95
10	8	3.07	3.06	4.01	3.37
10	9	3.64	3.04	4.50	3.39
10	10	3.44	3.21	5.17	3.94
10	11	3.92	3.07	5.10	3.91
10	12	4.10	3.47	5.91	3.88
10	13	4.81	3.03	6.92	3.99
10	14	4.98	3.89	8.90	4.63
10	15	5.55	3.76	9.71	4.36
10	16	5.92	3.95	10.94	4.55
10	17	6.74	4.06	11.99	4.72
10	18	8.70	4.64	13.93	4.99
10	19	10.14	4.10	12.93	4.24
10	20	11.10	4.74	12.65	4.48
10	21	13.67	4.54	10.27	4.04
10	22	15.49	5.04	8.89	4.40
10	23	14.79	4.40	7.51	3.97
10	24	14.11	4.87	6.75	4.41
10	25	11.64	4.13	5.32	3.79
10	26	9.09	4.91	4.84	3.61
10	27	7.87	4.12	4.09	3.17
10	28	6.87	4.56	4.24	3.56
10	29	5.77	3.81	3.99	3.00
10	30	4.30	3.70	3.82	2.90
11	0	2.91	2.18	3.09	2.87
11	1	2.82	2.72	3.37	2.52
11	2	2.98	2.34	3.08	2.72
11	3	2.79	2.80	3.32	2.83
11	4	2.94	2.22	3.05	3.00
11	5	3.00	2.67	3.59	2.99
11	6	3.11	3.02	3.94	2.99
11	7	3.01	2.94	4.44	3.35
11	8	3.73	3.14	4.07	3.04
11	9	3.64	3.03	4.41	3.40
11	10	3.95	3.17	5.20	3.69
11	11	3.95	3.77	6.20	3.88
11	12	4.60	3.23	6.88	4.04
11	13	4.78	3.76	8.31	4.23
11	14	5.72	3.89	11.68	4.42
11	15	6.03	3.90	13.79	4.53
11	16	7.01	4.13	18.88	4.87
11	17	8.67	4.47	27.45	5.19
11	18	12.04	4.34	34.85	5.09
11	19	15.33	4.83	31.17	5.04
11	20	20.99	5.11	27.13	5.00
11	21	35.18	5.37	17.45	5.11
11	22	48.03	5.00	11.79	5.13
11	23	42.23	5.60	9.45	4.70
11	24	33.67	5.22	8.10	4.51
11	25	18.86	5.47	6.18	4.06
11	26	11.84	5.24	5.03	3.77
11	27	9.83	4.64	4.57	3.41
11	28	8.67	4.31	4.07	3.01
11	29	6.32	4.23	3.46	3.03
11	30	5.36	3.75	3.10	3.12
12	0	2.33	2.92	3.64	2.90
12	1	2.72	2.58	3.11	2.90
12	2	2.61	2.92	3.66	2.81
12	3	2.82	2.75	3.31	2.93
12	4	2.98	2.95	3.83	2.93
12	5	3.28	2.96	3.91	3.08
12	6	3.18	3.00	3.91	3.52
12	7	3.59	2.94	4.12	3.39
12	8	3.30	2.91	4.68	3.72
12	9	3.92	3.05	4.96	3.84
12	10	3.98	3.34	5.98	4.14
12	11	4.62	3.20	6.75	4.19
12	12	4.13	3.94	7.84	4.64
12	13	5.12	3.90	10.06	4.87
12	14	5.58	4.04	18.04	5.11
12	15	6.82	4.00	25.77	5.22
12	16	8.31	4.84	41.98	5.91
12	17	10.72	4.91	98.07	5.99
12	18	16.14	5.29	127.50	6.26
12	19	25.99	5.36	106.04	5.98
12	20	42.46	5.92	78.34	6.25
12	21	121.73	6.05	36.11	5.98
12	22	172.06	6.85	18.06	5.93
12	23	150.99	6.43	12.07	5.53
12	24	94.83	6.54	9.87	5.17
12	25	34.51	5.81	7.33	4.32
12	26	14.01	5.81	5.86	3.87
12	27	11.35	4.91	4.89	3.72
12	28	9.73	5.01	4.77	3.54
12	29	7.52	4.05	4.01	3.05
12	30	5.23	4.03	3.91	3.38
13	0	3.06	2.40	3.03	2.95
13	1	2.82	2.65	3.42	2.76
13	2	2.96	2.41	3.15	2.98
13	3	2.96	2.69	3.36	2.92
13	4	3.01	2.80	3.48	3.11
13	5	3.01	2.76	3.75	3.24
13	6	3.35	3.03	4.14	3.09
13	7	2.98	3.00	4.40	3.37
13	8	3.77	3.20	4.79	3.49
13	9	3.86	3.24	5.36	3.59
13	10	4.16	3.23	6.14	4.04
13	11	4.07	3.69	7.43	4.34
13	12	4.89	3.37	8.03	4.71
13	13	5.09	3.71	12.57	5.17
13	14	6.88	4.17	26.92	5.73
13	15	7.56	4.62	37.52	5.89
13	16	9.97	4.98	74.88	6.29
13	17	13.20	5.65	227.40	7.23
13	18	21.56	6.11	297.82	7.15
13	19	35.38	6.42	235.62	7.36
13	20	73.16	7.03	157.36	7.27
13	21	268.05	8.39	62.12	7.29
13	22	401.98	8.13	24.78	7.00
13	23	352.38	8.31	16.27	6.22
13	24	214.50	7.60	12.38	5.52
13	25	60.32	6.71	8.30	4.28
13	26	18.62	6.05	5.94	4.01
13	27	13.96	5.57	5.46	3.39
13	28	12.00	5.05	4.94	3.23
13	29	7.98	4.61	4.15	3.31
13	30	5.88	4.24	3.52	3.09
14	0	2.65	2.96	3.80	2.94
14	1	2.97	2.89	3.30	2.99
14	2	2.56	3.04	3.72	3.07
14	3	2.83	2.84	3.55	2.90
14	4	3.16	2.89	3.84	3.35
14	5	3.28	2.99	3.91	3.15
14	6	3.04	2.99	4.82	3.81
14	7	3.56	3.03	4.92	3.68
14	8	3.31	2.92	5.13	3.98
14	9	3.80	3.02	5.90	3.98
14	10	4.09	3.82	7.00	4.84
14	11	4.82	3.42	8.00	4.90
14	12	5.11	3.85	9.71	5.39
14	13	5.75	4.01	18.71	5.76
14	14	8.01	4.80	45.43	6.81
14	15	9.78	4.98	66.61	7.27
14	16	15.06	5.90	207.21	8.64
14	17	18.63	5.96	975.71	9.14
14	18	27.87	6.88	977.48	8.85
14	19	54.85	7.30	975.84	9.05
14	20	175.82	9.00	668.86	9.26
14	21	976.59	10.07	150.26	8.52
14	22	977.84	10.16	33.42	7.76
14	23	976.34	9.90	20.12	6.91
14	24	833.14	9.39	16.04	6.09
14	25	172.27	6.99	9.95	4.94
14	26	26.17	6.86	6.91	4.49
14	27	16.92	5.92	5.88	3.90
14	28	14.05	5.66	5.50	3.83
14	29	9.22	4.45	4.14	3.19
14	30	6.23	4.49	3.92	3.46
15	0	2.97	2.62	3.03	3.02
15	1	2.81	2.69	3.28	3.07
15	2	2.99	2.59	3.09	3.03
15	3	2.90	2.84	3.46	3.31
15	4	2.97	3.12	3.63	3.13
15	5	2.98	3.08	4.27	3.42
15	6	3.19	3.16	4.11	3.70
15	7	3.14	3.63	4.70	3.91
15	8	3.78	3.27	5.02	4.04
15	9	3.76	3.61	6.16	4.30
15	10	4.67	3.39	7.61	4.88
15	11	4.55	3.77	9.33	5.32
15	12	5.03	4.17	11.76	5.81
15	13	6.07	4.67	28.51	6.62
15	14	9.87	5.17	71.70	8.91
15	15	12.22	5.82	118.46	10.35
15	16	20.16	6.28	509.28	12.04
15	17	24.08	7.62	977.00	12.55
15	18	36.19	8.42	978.67	11.91
15	19	87.08	9.74	976.97	12.17
15	20	380.68	12.01	978.62	12.09
15	21	977.66	14.53	312.39	10.63
15	22	979.56	13.28	52.47	8.99
15	23	977.49	13.72	26.76	7.87
15	24	979.39	13.05	19.98	6.82
15	25	348.49	9.66	11.42	5.29
15	26	40.63	7.48	6.99	4.49
15	27	21.34	6.66	6.37	4.22
15	28	16.30	5.77	5.25	4.03
15	29	10.10	4.95	4.49	3.42
15	30	6.98	4.27	4.03	3.03
16	0	2.71	2.84	3.58	3.55
16	1	2.79	2.83	3.07	3.12
16	2	2.44	2.93	3.55	3.56
16	3	2.90	2.91	3.32	3.16
16	4	2.92	2.96	3.73	3.62
16	5	3.06	2.97	3.99	3.66
16	6	3.13	3.09	4.84	3.72
16	7	3.50	3.14	5.09	3.94
16	8	3.11	3.68	5.71	4.23
16	9	3.83	3.22	6.07	4.58
16	10	4.16	3.90	7.90	5.17
16	11	4.77	3.98	10.06	5.65
16	12	5.00	4.10	13.81	6.48
16	13	6.68	4.38	37.41	7.72
16	14	10.24	5.95	98.33	11.41
16	15	14.08	6.29	160.37	13.87
16	16	22.50	7.87	804.50	15.85
16	17	28.62	8.08	975.78	15.93
16	18	45.24	9.91	977.64	16.67
16	19	115.42	11.16	975.74	16.23
16	20	567.73	14.97	977.68	16.34
16	21	976.31	17.82	410.10	12.87
16	22	977.95	19.61	65.66	10.36
16	23	976.36	18.95	31.99	8.83
16	24	977.66	18.75	23.56	7.60
16	25	434.85	11.45	11.81	5.59
16	26	53.12	8.44	7.69	4.90
16	27	26.72	6.89	6.29	4.31
16	28	18.75	6.75	5.81	4.12
16	29	10.66	5.05	4.17	3.58
16	30	7.15	4.97	3.79	3.44
17	0	3.00	2.54	3.03	3.03
17	1	2.68	2.69	3.29	3.14
17	2	3.04	2.57	3.10	3.08
17	3	2.83	2.76	3.33	3.38
17	4	3.07	2.93	3.25	3.09
17	5	3.04	3.10	4.00	3.36
17	6	3.20	3.05	4.02	3.65
17	7	3.00	3.62	4.92	3.88
17	8	3.78	3.13	5.01	4.05
17	9	3.52	3.64	6.30	4.28
17	10	4.37	3.41	8.05	5.08
17	11	4.63	3.75	10.46	5.71
17	12	5.54	4.05	14.27	6.82
17	13	6.81	4.51	41.62	8.24
17	14	11.32	6.10	110.99	12.70
17	15	15.84	6.78	177.40	15.38
17	16	25.11	8.02	921.14	18.81
17	17	30.67	8.67	976.87	20.32
17	18	49.57	10.22	978.76	21.14
17	19	126.89	12.69	977.13	20.54
17	20	639.88	17.07	978.78	20.08
17	21	977.59	22.57	471.99	15.38
17	22	979.51	25.44	78.22	11.87
17	23	977.67	24.72	38.33	10.24
17	24	979.46	24.37	26.66	8.20
17	25	462.65	14.45	12.18	5.93
17	26	62.23	9.11	7.12	5.02
17	27	29.06	7.82	6.30	4.23
17	28	19.93	7.00	5.94	4.10
17	29	10.12	5.62	4.27	3.37
17	30	7.09	5.05	3.95	3.02
18	0	2.33	3.00	3.59	3.38
18	1	2.86	2.74	3.01	3.10
18	2	2.39	2.96	3.52	3.56
18	3	2.86	2.81	3.27	3.25
18	4	2.50	2.97	3.69	3.73
18	5	2.73	3.01	4.00	3.80
18	6	3.14	3.10	4.41	3.88
18	7	3.36	3.01	4.68	3.95
18	8	3.15	3.76	5.46	4.57
18	9	3.70	3.53	6.00	4.90
18	10	4.22	3.90	7.78	5.77
18	11	4.76	4.04	10.79	5.96
18	12	5.18	4.66	14.88	7.61
18	13	7.01	5.06	45.18	10.32
18	14	12.20	6.64	126.11	18.46
18	15	17.78	7.09	208.84	22.34
18	16	28.51	8.99	977.83	29.55
18	17	32.37	10.10	976.03	40.56
18	18	55.27	12.62	977.64	51.28
18	19	148.20	18.07	975.67	41.67
18	20	763.88	27.05	977.40	35.07
18	21	976.31	47.95	478.40	24.13
18	22	977.88	67.59	85.17	16.22
18	23	976.52	58.68	43.14	12.49
18	24	977.88	49.03	29.15	10.48
18	25	436.78	21.10	12.42	6.86
18	26	67.72	11.55	7.74	5.38
18	27	32.86	9.00	6.14	4.81
18	28	20.88	8.46	5.88	4.68
18	29	10.36	6.14	4.15	3.75
18	30	6.80	5.16	3.89	3.53
19	0	2.86	2.64	3.05	3.14
19	1	2.45	2.81	3.35	3.27
19	2	2.92	2.67	2.99	3.13
19	3	2.52	2.81	3.33	3.32
19	4	3.02	3.05	3.18	3.21
19	5	2.88	3.23	3.50	3.50
19	6	3.04	3.34	4.07	4.01
19	7	3.10	3.57	4.55	4.33
19	8	3.49	3.26	5.07	4.32
19	9	3.31	3.64	6.31	5.24
19	10	4.02	4.17	7.53	6.05
19	11	4.10	4.69	10.65	6.82
19	12	5.01	4.36	15.05	8.17
19	13	6.83	5.67	44.13	13.97
19	14	12.50	7.46	127.81	31.16
19	15	16.90	8.91	217.49	40.46
19	16	27.05	12.35	933.74	89.44
19	17	30.16	13.61	977.26	235.87
19	18	50.43	18.30	978.71	296.35
19	19	140.42	33.46	977.27	242.94
19	20	649.47	78.77	978.90	160.62
19	21	977.85	258.56	493.30	59.86
19	22	979.57	374.45	83.34	25.71
19	23	977.71	337.32	44.05	18.93
19	24	979.59	204.84	28.81	14.46
19	25	435.75	55.60	12.89	8.45
19	26	68.78	15.82	7.09	5.31
19	27	33.08	11.55	6.30	4.95
19	28	22.04	10.25	5.86	4.71
19	29	10.92	7.78	4.47	3.94
19	30	7.29	5.21	3.73	3.17
20	0	2.20	2.97	3.36	3.54
20	1	2.86	2.67	3.04	3.19
20	2	2.37	2.93	3.57	3.54
20	3	2.79	2.93	3.10	3.21
20	4	2.55	2.98	3.67	3.79
20	5	2.87	3.06	3.71	4.00
20	6	3.20	3.13	3.91	4.30
20	7	3.42	3.05	4.42	4.46
20	8	3.19	3.81	4.95	4.80
20	9	3.87	3.91	5.91	5.59
20	10	3.69	4.12	7.88	6.87
20	11	4.55	4.07	10.10	7.99
20	12	4.71	5.02	15.01	9.87
20	13	6.75	6.01	40.58	19.15
20	14	11.96	9.04	119.74	51.32
20	15	16.71	11.05	214.92	68.31
20	16	27.62	17.40	815.76	214.88
20	17	27.12	16.23	975.59	950.23
20	18	44.82	24.07	977.66	977.58
20	19	129.56	50.98	975.73	975.79
20	20	537.98	182.92	977.56	569.99
20	21	976.56	975.85	416.40	130.82
20	22	977.75	977.89	73.24	32.00
20	23	976.34	976.01	37.14	21.69
20	24	977.84	708.29	25.83	17.58
20	25	389.50	137.37	12.08	9.74
20	26	59.19	21.82	7.40	6.77
20	27	28.76	13.14	5.99	5.56
20	28	18.20	11.08	5.81	5.11
20	29	10.19	7.67	4.29	4.05
20	30	6.50	5.88	3.92	3.84
21	0	2.92	2.67	3.10	3.06
21	1	2.52	2.83	3.51	3.24
21	2	2.94	2.72	3.04	3.11
21	3	2.48	2.73	3.40	3.42
21	4	2.90	2.88	3.23	3.32
21	5	2.98	3.21	3.39	4.06
21	6	2.98	3.10	4.11	4.12
21	7	3.06	3.71	4.34	4.28
21	8	3.58	3.19	4.72	4.83
21	9	3.63	3.67	5.32	5.33
21	10	3.98	4.19	7.06	7.06
21	11	4.09	4.62	9.44	8.53
21	12	4.99	4.98	13.64	10.08
21	13	6.40	6.18	37.10	25.14
21	14	11.42	10.16	105.43	73.19
21	15	14.97	12.54	201.25	110.82
21	16	24.97	20.64	674.52	406.05
21	17	23.42	17.64	977.00	976.96
21	18	38.80	30.28	978.80	978.73
21	19	111.53	73.75	977.29	977.15
21	20	385.43	287.19	978.72	935.80
21	21	977.50	977.52	349.20	206.30
21	22	979.65	978.99	63.65	39.50
21	23	977.87	977.50	34.16	24.35
21	24	979.54	978.90	22.89	18.23
21	25	319.48	229.52	11.32	10.06
21	26	47.80	29.39	7.13	6.14
21	27	23.32	15.43	5.80	5.47
21	28	17.02	12.80	5.92	5.19
21	29	9.53	8.69	4.46	4.21
21	30	6.84	6.30	3.64	3.57
22	0	2.30	2.97	3.56	3.61
22	1	2.80	2.78	3.06	3.21
22	2	2.28	3.02	3.38	3.63
22	3	2.92	2.85	3.07	3.21
22	4	2.69	2.88	3.71	3.79
22	5	2.93	3.09	3.46	4.00
22	6	3.00	3.11	3.88	4.59
22	7	3.31	3.08	4.06	4.82
22	8	3.17	3.61	4.90	5.51
22	9	3.76	3.80	5.05	5.96
22	10	3.57	4.28	7.00	7.86
22	11	4.06	4.33	8.87	9.45
22	12	4.10	5.04	11.91	12.64
22	13	5.89	6.02	27.15	34.10
22	14	9.45	11.86	71.12	100.36
22	15	11.85	14.03	114.45	166.86
22	16	18.28	26.28	329.67	621.27
22	17	18.87	22.07	975.69	975.71
22	18	26.93	39.13	977.61	977.54
22	19	65.61	113.94	975.70	975.74
22	20	207.62	445.15	868.85	977.54
22	21	976.62	975.98	201.21	325.62
22	22	978.02	977.69	44.09	55.30
22	23	976.42	975.94	24.26	29.24
22	24	853.41	977.71	17.62	21.74
22	25	179.01	344.03	8.98	11.10
22	26	29.95	41.47	6.09	7.16
22	27	16.71	19.94	5.15	5.96
22	28	12.23	14.99	5.16	5.84
22	29	7.89	9.05	4.02	4.11
22	30	5.51	6.93	3.93	3.98
23	0	2.84	2.43	3.11	3.04
23	1	2.39	2.76	3.33	3.20
23	2	2.97	2.50	3.05	3.16
23	3	2.64	2.81	3.21	3.21
23	4	2.96	2.67	3.17	3.13
23	5	2.81	2.92	3.47	3.58
23	6	3.06	3.14	3.73	4.12
23	7	3.05	3.55	3.92	4.58
23	8	3.13	3.26	4.07	5.06
23	9	2.97	3.74	4.84	6.33
23	10	3.94	4.13	5.97	8.02
23	11	3.85	4.72	7.62	10.90
23	12	4.19	5.05	9.10	15.06
23	13	4.96	6.81	16.99	49.41
23	14	8.04	12.65	37.31	134.64
23	15	9.29	17.40	48.90	263.82
23	16	15.06	35.35	97.35	978.42
23	17	14.02	27.51	276.53	976.82
23	18	17.84	54.36	368.91	978.45
23	19	31.10	184.65	295.51	977.19
23	20	65.07	696.20	194.85	978.57
23	21	195.08	977.50	63.12	399.85
23	22	273.45	978.96	24.99	77.98
23	23	238.27	977.38	17.62	41.53
23	24	160.19	978.84	12.25	27.98
23	25	51.04	432.54	7.06	12.41
23	26	16.32	58.57	5.11	7.00
23	27	11.08	26.81	4.58	6.23
23	28	9.36	18.23	4.19	5.15
23	29	6.14	9.77	3.65	4.29
23	30	4.95	6.49	3.17	3.79
24	0	2.31	2.92	2.90	3.54
24	1	2.89	2.68	3.10	3.09
24	2	2.34	3.00	3.08	3.60
24	3	2.83	2.81	3.08	3.28
24	4	2.38	2.91	3.47	3.65
24	5	2.91	2.93	3.09	3.88
24	6	2.83	3.01	3.88	4.17
24	7	3.01	3.04	3.88	4.72
24	8	3.09	3.88	4.45	5.26
24	9	3.68	3.47	4.91	5.93
24	10	3.28	4.14	5.93	8.60
24	11	3.87	4.22	6.88	11.48
24	12	3.66	5.01	7.92	16.00
24	13	4.93	6.88	13.00	53.77
24	14	6.89	13.56	24.19	147.08
24	15	7.88	18.17	29.11	311.56
24	16	10.19	35.01	44.85	977.44
24	17	10.59	29.99	72.63	975.71
24	18	13.21	61.21	95.76	977.66
24	19	20.26	213.27	78.38	975.63
24	20	30.53	765.73	57.71	977.45
24	21	55.61	975.83	30.85	387.44
24	22	72.72	977.62	16.65	85.03
24	23	63.18	975.71	12.00	45.24
24	24	49.13	977.68	9.38	28.77
24	25	22.09	429.77	5.90	11.92
24	26	11.24	61.92	4.87	7.43
24	27	8.59	28.16	4.12	6.09
24	28	7.10	18.90	3.87	5.59
24	29	5.63	9.69	3.64	4.08
24	30	4.31	6.90	3.25	3.79
25	0	2.81	2.37	2.89	2.99
25	1	2.14	2.75	2.78	3.16
25	2	3.02	2.49	2.89	3.09
25	3	2.34	2.64	3.17	3.29
25	4	2.88	2.41	3.14	3.15
25	5	2.77	2.89	3.38	3.49
25	6	3.06	3.18	3.16	3.98
25	7	3.11	3.37	3.69	4.29
25	8	3.09	3.24	3.93	5.16
25	9	3.00	3.66	4.26	6.06
25	10	3.77	4.09	5.11	8.02
25	11	3.63	4.70	6.41	11.15
25	12	3.97	4.89	7.04	16.28
25	13	4.63	6.76	10.45	52.43
25	14	6.52	12.89	17.67	145.44
25	15	7.04	18.20	22.16	320.00
25	16	9.03	33.16	28.20	978.54
25	17	9.00	29.70	32.75	976.95
25	18	10.90	59.42	35.62	978.58
25	19	14.17	211.73	30.08	977.16
25	20	21.00	690.33	25.22	978.70
25	21	28.18	977.34	17.69	382.33
25	22	34.76	979.01	11.99	84.51
25	23	31.65	977.50	9.70	44.76
25	24	27.05	978.89	8.14	27.54
25	25	14.96	442.65	5.58	12.33
25	26	9.03	61.54	4.47	7.02
25	27	7.08	28.74	4.39	6.24
25	28	6.82	19.12	3.99	5.24
25	29	5.01	10.07	3.63	4.42
25	30	4.78	6.56	3.11	3.76
26	0	2.15	2.85	2.98	3.34
26	1	2.67	2.50	3.01	3.01
26	2	2.19	2.86	2.96	3.42
26	3	2.72	2.78	2.96	3.09
26	4	2.23	2.94	3.10	3.74
26	5	2.90	2.97	3.07	3.77
26	6	2.81	2.97	3.77	3.98
26	7	2.86	3.05	3.64	4.29
26	8	2.96	3.67	3.95	4.91
26	9	3.20	3.25	4.11	5.87
26	10	3.27	4.04	5.04	8.06
26	11	3.74	3.97	4.95	10.70
26	12	3.29	4.87	5.74	16.01
26	13	4.39	6.18	7.10	45.59
26	14	5.22	11.16	11.35	121.62
26	15	6.29	15.05	13.97	280.20
26	16	7.19	26.72	16.25	929.47
26	17	7.33	27.85	16.09	975.71
26	18	8.05	48.47	14.86	977.48
26	19	10.69	172.77	14.47	975.59
26	20	13.85	550.25	14.27	977.50
26	21	16.05	975.83	11.54	346.82
26	22	15.31	977.78	8.92	73.44
26	23	15.54	975.74	7.38	37.54
26	24	13.33	977.59	6.73	23.77
26	25	10.00	369.83	5.01	11.03
26	26	6.59	50.76	4.32	7.04
26	27	5.99	24.10	3.95	5.78
26	28	5.51	16.74	3.88	5.64
26	29	4.90	9.05	3.02	4.19
26	30	4.07	6.83	3.20	3.93
27	0	2.65	2.51	2.97	3.07
27	1	2.21	2.91	2.78	3.46
27	2	2.75	2.52	2.92	3.19
27	3	2.20	2.89	2.91	3.62
27	4	2.74	2.79	3.05	3.06
27	5	2.61	3.04	3.50	3.61
27	6	3.01	3.33	3.28	3.97
27	7	2.90	3.32	3.57	4.30
27	8	2.98	3.49	3.45	4.96
27	9	3.07	3.68	3.80	5.50
27	10	3.53	3.98	4.10	7.70
27	11	3.40	4.35	4.65	9.59
27	12	3.92	4.20	5.10	13.02
27	13	4.09	6.03	5.80	33.47
27	14	5.01	9.26	7.82	84.36
27	15	5.06	12.44	9.47	168.50
27	16	5.97	19.35	11.07	541.56
27	17	6.14	22.97	11.27	977.15
27	18	7.02	35.26	9.97	978.62
27	19	7.88	96.80	10.07	977.09
27	20	9.88	296.27	9.73	978.72
27	21	11.11	977.51	8.58	246.29
27	22	10.96	978.88	7.07	54.56
27	23	10.64	977.46	6.33	29.46
27	24	9.91	979.01	5.28	19.12
27	25	7.12	236.00	4.63	10.02
27	26	5.98	34.65	3.85	6.26
27	27	5.21	18.77	3.75	5.57
27	28	5.01	13.39	3.31	5.11
27	29	4.06	7.94	3.48	4.29
27	30	4.00	5.62	3.03	3.53
28	0	2.20	2.93	2.85	3.34
28	1	2.74	2.67	2.81	3.02
28	2	2.31	2.87	2.91	3.29
28	3	2.86	2.67	2.94	3.05
28	4	2.37	2.93	2.88	3.54
28	5	3.00	3.03	3.02	3.61
28	6	2.55	3.06	3.52	3.92
28	7	2.93	3.00	3.26	3.93
28	8	3.08	3.48	3.75	4.96
28	9	3.09	3.19	3.89	5.58
28	10	3.24	3.91	4.41	6.94
28	11	3.69	3.85	4.55	8.77
28	12	3.35	4.01	4.85	10.82
28	13	3.90	5.05	5.02	22.98
28	14	4.21	7.93	6.48	57.16
28	15	4.95	9.84	7.02	96.32
28	16	5.36	14.34	8.45	314.40
28	17	5.67	16.96	8.93	975.59
28	18	5.49	25.21	8.03	977.65
28	19	6.85	55.22	7.91	975.63
28	20	7.21	162.79	8.07	615.44
28	21	9.53	849.41	7.14	148.43
28	22	8.21	977.61	5.91	38.95
28	23	8.55	975.76	5.27	22.48
28	24	7.44	529.64	4.90	15.35
28	25	6.33	139.42	3.97	8.13
28	26	4.57	22.47	4.02	5.87
28	27	4.89	14.08	3.59	5.03
28	28	4.34	10.87	3.83	4.96
28	29	4.17	6.82	3.05	4.02
28	30	3.82	5.86	2.95	3.81
29	0	2.65	2.32	2.77	3.11
29	1	2.21	2.73	2.49	3.20
29	2	2.67	2.37	3.05	3.06
29	3	2.17	2.82	2.80	3.31
29	4	2.89	2.88	3.01	3.09
29	5	2.80	2.79	3.04	3.45
29	6	2.96	3.27	3.08	3.80
29	7	2.84	3.28	3.44	4.00
29	8	3.00	3.18	3.12	4.07
29	9	2.97	3.64	3.54	5.43
29	10	3.15	3.82	4.09	6.75
29	11	3.15	3.89	4.45	8.40
29	12	3.62	4.18	4.26	10.19
29	13	3.54	5.31	4.85	19.91
29	14	4.27	6.95	5.95	41.59
29	15	4.21	8.70	6.51	59.64
29	16	5.01	12.92	7.10	148.17
29	17	5.11	15.82	7.73	504.99
29	18	5.89	21.16	7.24	688.33
29	19	6.16	39.05	7.40	527.57
29	20	7.19	78.92	6.91	337.54
29	21	8.01	348.67	6.41	95.39
29	22	8.01	509.49	5.27	29.87
29	23	7.37	436.81	5.28	18.57
29	24	7.00	253.96	4.66	12.33
29	25	5.18	72.46	3.97	7.25
29	26	4.91	17.34	3.73	5.62
29	27	4.14	11.87	3.49	5.06
29	28	4.38	9.28	3.23	4.44
29	29	4.01	6.72	3.22	3.75
29	30	3.91	5.21	3.18	3.15
30	0	2.22	2.85	2.92	3.33
30	1	2.68	2.54	2.85	3.00
30	2	2.26	3.00	2.98	3.38
30	3	2.68	2.46	2.91	3.04
30	4	2.33	2.98	2.87	3.60
30	5	2.76	2.88	2.99	3.54
30	6	2.18	2.95	3.19	3.92
30	7	2.91	3.04	2.99	3.93
30	8	2.74	3.17	3.64	4.60
30	9	2.94	3.17	3.62	4.96
30	10	3.00	3.95	3.96	6.29
30	11	3.17	3.94	3.94	7.11
30	12	3.25	4.02	4.20	8.99
30	13	3.85	4.70	4.27	13.61
30	14	3.95	6.24	4.99	24.34
30	15	4.11	7.09	5.09	31.18
30	16	4.13	8.95	5.93	52.53
30	17	4.81	11.03	6.08	107.30
30	18	4.52	15.30	6.01	141.78
30	19	5.30	21.46	5.76	110.50
30	20	5.27	33.10	5.99	82.02
30	21	6.51	81.43	4.99	42.63
30	22	6.21	112.56	4.79	19.77
30	23	5.83	98.23	4.60	12.66
30	24	5.19	69.76	4.55	9.33
30	25	4.82	27.11	3.89	6.09
30	26	4.26	11.86	3.80	5.19
30	27	4.60	9.04	3.41	4.72
30	28	4.18	7.96	3.59	4.50
30	29	3.90	5.63	3.07	3.77
30	30	3.32	4.94	3.08	3.88
31	0	2.43	2.40	2.52	2.99
31	1	2.13	2.79	2.67	3.14
31	2	2.46	2.33	2.46	3.05
31	3	2.24	2.82	2.66	3.22
31	4	2.81	2.50	2.70	3.08
31	5	2.11	2.97	2.74	3.52
31	6	2.72	3.07	3.11	3.43
31	7	2.42	2.93	3.43	3.53
31	8	2.90	3.34	3.16	4.00
31	9	2.66	3.53	3.56	4.61
31	10	2.98	3.45	3.33	5.31
31	11	3.01	3.77	3.83	6.26
31	12	3.06	3.90	3.95	7.05
31	13	3.17	4.71	4.02	9.37
31	14	3.90	5.31	4.13	14.09
31	15	3.97	6.22	4.50	19.61
31	16	3.99	7.07	4.63	26.14
31	17	3.99	8.63	4.91	37.55
31	18	4.15	11.38	5.19	42.13
31	19	4.13	15.65	4.86	36.99
31	20	4.76	19.22	4.78	30.61
31	21	4.95	31.02	4.53	19.47
31	22	5.11	36.23	4.09	12.10
31	23	4.99	32.92	4.09	8.98
31	24	5.03	25.03	3.95	7.14
31	25	4.11	13.77	3.54	5.30
31	26	3.96	9.11	3.19	4.50
31	27	3.93	7.70	3.45	4.45
31	28	3.98	6.14	3.13	4.04
31	29	3.31	5.51	3.01	3.59
31	30	3.79	4.37	2.69	3.13
32	0	2.28	2.84	2.84	3.05
32	1	2.76	2.24	3.00	2.96
32	2	2.24	2.91	2.90	3.10
32	3	2.89	2.41	2.70	3.08
32	4	2.24	2.90	2.85	3.45
32	5	2.87	2.97	2.87	3.30
32	6	2.48	2.88	2.92	3.74
32	7	2.87	3.07	2.99	3.67
32	8	2.30	3.05	3.35	3.84
32	9	2.90	3.12	3.11	4.34
32	10	2.87	3.77	3.85	5.31
32	11	2.89	3.48	3.53	5.65
32	12	3.01	3.98	4.03	6.18
32	13	3.79	4.08	3.78	6.99
32	14	3.26	4.92	3.92	9.80
32	15	3.91	5.03	3.94	11.52
32	16	3.47	5.91	4.06	14.10
32	17	3.85	6.12	4.02	16.87
32	18	3.85	8.18	4.86	18.21
32	19	3.95	9.95	3.99	16.66
32	20	3.94	11.76	4.33	14.74
32	21	4.38	14.72	3.98	10.49
32	22	4.23	16.08	3.92	8.25
32	23	4.44	14.91	3.72	6.69
32	24	4.18	13.01	3.78	6.06
32	25	3.94	9.09	3.14	5.09
32	26	3.52	6.99	3.78	4.51
32	27	3.78	6.07	3.04	3.96
32	28	3.16	5.93	3.10	3.83
32	29	3.67	4.79	2.91	3.15
32	30	3.18	4.09	2.89	3.12
33	0	2.62	2.25	2.42	2.91
33	1	2.03	2.72	2.62	3.01
33	2	2.39	2.40	2.43	2.94
33	3	2.19	2.79	2.62	3.13
33	4	2.58	2.26	2.83	2.99
33	5	2.21	2.71	2.50	3.33
33	6	2.90	2.98	2.86	3.17
33	7	2.49	2.78	2.77	3.37
33	8	2.90	3.09	3.11	3.84
33	9	2.75	3.48	3.18	4.26
33	10	2.98	3.38	3.12	4.67
33	11	2.90	3.74	3.41	5.11
33	12	3.07	3.38	3.26	5.14
33	13	3.08	3.63	3.38	6.16
33	14	3.37	4.32	3.43	7.11
33	15	3.07	4.74	3.74	8.36
33	16	3.70	5.17	4.06	9.87
33	17	3.46	5.74	3.74	11.08
33	18	3.97	6.77	4.09	11.27
33	19	3.76	7.73	3.68	10.62
33	20	3.92	8.36	3.92	10.00
33	21	3.96	9.94	3.54	8.05
33	22	3.98	10.21	3.33	6.87
33	23	3.94	10.15	3.39	5.98
33	24	4.06	9.12	3.22	5.43
33	25	3.81	7.72	3.27	4.68
33	26	3.84	6.22	3.03	3.98
33	27	3.14	5.96	3.35	4.04
33	28	3.55	5.21	3.07	3.63
33	29	3.08	4.81	2.74	3.47
33	30	3.17	4.18	2.74	3.08
34	0	2.26	2.83	2.83	2.87
34	1	2.63	2.26	2.67	2.77
34	2	2.46	2.79	2.97	2.93
34	3	2.67	2.33	2.71	2.88
34	4	2.10	2.95	2.97	2.99
34	5	2.70	2.81	2.94	3.02
34	6	2.36	3.07	2.91	3.63
34	7	2.80	2.95	2.91	3.59
34	8	2.27	3.05	2.95	3.88
34	9	2.93	3.03	2.97	4.00
34	10	2.71	3.24	3.56	4.55
34	11	2.86	3.21	3.07	4.64
34	12	3.00	3.79	3.67	4.87
34	13	3.16	3.93	3.24	5.00
34	14	3.14	3.99	3.79	6.03
34	15	3.76	4.04	3.47	6.66
34	16	3.31	4.88	4.00	7.47
34	17	3.77	4.77	3.87	8.01
34	18	3.27	5.90	3.82	7.96
34	19	3.88	6.05	3.55	7.67
34	20	3.33	6.92	3.85	7.55
34	21	3.79	7.46	3.32	6.10
34	22	3.24	7.88	3.85	5.72
34	23	3.80	7.05	3.16	4.99
34	24	3.31	6.94	3.68	4.94
34	25	3.73	6.12	3.10	4.40
34	26	3.33	5.73	3.09	4.17
34	27	3.72	5.15	2.95	3.90
34	28	3.24	4.98	2.91	3.93
34	29	3.34	4.04	2.81	3.22
34	30	3.07	3.90	2.92	3.31
35	0	2.24	2.32	2.25	2.72
35	1	2.13	2.84	2.54	2.66
35	2	2.27	2.43	2.26	2.73
35	3	2.17	2.91	2.75	2.86
35	4	2.54	2.31	2.18	2.90
35	5	2.23	2.80	2.71	3.22
35	6	2.53	2.72	2.95	3.02
35	7	2.11	2.83	2.76	3.34
35	8	2.86	3.02	2.97	3.21
35	9	2.62	2.96	3.05	3.55
35	10	2.95	3.34	3.05	4.04
35	11	2.67	3.69	3.47	4.34
35	12	2.95	3.32	3.10	4.18
35	13	3.08	3.88	3.42	4.62
35	14	2.99	4.06	3.05	5.13
35	15	3.05	4.08	3.54	5.51
35	16	3.18	4.31	3.13	5.98
35	17	3.10	4.93	3.61	6.58
35	18	3.35	5.13	3.25	6.33
35	19	3.08	5.68	3.54	6.45
35	20	3.61	5.56	3.15	5.84
35	21	3.38	6.46	3.48	5.46
35	22	3.75	6.39	3.11	4.83
35	23	3.25	6.51	3.49	4.45
35	24	3.54	6.21	3.00	4.13
35	25	3.10	5.66	2.96	4.12
35	26	3.33	4.67	2.96	3.94
35	27	3.15	4.84	2.56	3.57
35	28	3.02	4.34	2.70	3.13
35	29	2.95	4.01	2.78	3.17
35	30	3.09	3.59	2.46	2.95
36	0	2.20	2.74	2.77	2.82
36	1	2.53	2.21	2.36	2.72
36	2	2.31	2.56	2.82	2.88
36	3	2.52	2.18	2.31	2.81
36	4	2.28	2.85	3.04	2.87
36	5	2.74	2.53	2.64	3.11
36	6	2.29	2.98	2.88	3.19
36	7	2.67	2.65	2.96	3.08
36	8	2.15	3.03	2.92	3.63
36	9	2.84	2.94	3.13	3.57
36	10	2.44	3.01	3.16	4.00
36	11	2.93	3.10	2.94	4.11
36	12	2.66	3.24	3.11	4.40
36	13	2.91	3.30	3.08	4.46
36	14	2.82	3.93	3.48	4.87
36	15	3.21	3.98	3.08	5.02
36	16	3.16	4.05	3.54	5.56
36	17	3.39	4.10	3.08	5.64
36	18	3.17	5.01	3.49	5.82
36	19	3.38	4.80	3.01	5.16
36	20	3.27	5.04	3.35	5.36
36	21	3.58	5.22	3.06	4.65
36	22	3.38	5.71	3.10	4.71
36	23	3.43	5.09	3.14	4.11
36	24	3.17	4.97	2.96	4.21
36	25	3.41	4.46	2.92	3.84
36	26	3.15	4.57	2.95	3.94
36	27	3.04	4.17	2.76	3.42
36	28	2.75	4.04	2.92	3.58
36	29	2.91	3.86	2.72	3.12
36	30	2.81	4.02	2.91	3.15
37	0	2.34	2.37	2.31	2.61
37	1	2.15	2.77	2.52	2.50
37	2	2.23	2.12	2.20	2.61
37	3	2.06	2.76	2.65	2.53
37	4	2.44	2.45	2.33	2.89
37	5	2.03	2.72	2.53	2.75
37	6	2.70	2.40	2.72	3.15
37	7	2.09	2.78	2.57	3.00
37	8	2.85	2.81	2.72	3.19
37	9	2.34	2.70	2.49	3.29
37	10	2.88	3.00	2.96	3.88
37	11	2.77	3.14	2.97	3.84
37	12	2.99	3.22	2.97	3.97
37	13	2.81	3.65	3.24	4.26
37	14	3.05	3.28	3.13	4.57
37	15	2.99	3.84	2.96	4.59
37	16	3.04	4.15	3.08	4.96
37	17	3.01	4.66	3.27	5.12
37	18	3.15	4.33	3.01	4.83
37	19	3.12	4.86	3.27	4.49
37	20	3.03	4.47	3.13	4.50
37	21	2.94	4.86	3.15	4.32
37	22	3.15	4.87	3.05	4.13
37	23	3.04	4.78	2.82	4.19
37	24	3.09	4.12	2.85	4.02
37	25	2.98	4.63	2.56	3.45
37	26	3.03	4.31	2.75	3.21
37	27	2.95	4.39	2.61	3.38
37	28	3.06	4.05	2.79	3.07
37	29	2.82	3.77	2.60	2.87
37	30	3.00	3.31	2.12	2.85
38	0	2.27	2.68	2.66	2.76
38	1	2.61	2.13	2.29	2.59
38	2	2.12	2.71	2.75	2.87
38	3	2.49	2.19	2.27	2.61
38	4	2.38	2.86	2.80	2.93
38	5	2.64	2.32	2.63	2.83
38	6	2.25	2.95	3.15	2.90
38	7	2.76	2.74	2.81	2.98
38	8	2.33	2.99	2.90	3.32
38	9	2.86	2.77	2.77	3.10
38	10	2.35	3.05	2.92	3.85
38	11	2.84	3.01	2.93	3.75
38	12	2.22	3.06	2.97	4.04
38	13	2.85	3.02	3.02	4.06
38	14	2.75	3.76	2.98	4.42
38	15	2.98	3.63	3.01	4.10
38	16	2.96	3.98	2.90	4.59
38	17	3.11	4.09	2.99	4.47
38	18	3.22	4.08	2.96	4.66
38	19	2.99	4.12	2.89	4.06
38	20	2.94	4.31	2.93	4.29
38	21	2.98	4.15	2.92	3.98
38	22	3.14	4.60	2.79	3.99
38	23	2.98	4.11	2.88	3.93
38	24	2.93	4.02	3.03	3.80
38	25	2.96	3.94	2.92	3.60
38	26	2.66	3.96	2.96	3.60
38	27	2.91	3.74	2.91	3.27
38	28	2.37	3.81	3.03	3.32
38	29	2.83	3.11	2.67	2.95
38	30	2.46	3.61	2.85	2.89
39	0	2.40	2.40	2.17	2.33
39	1	2.23	2.76	2.65	2.60
39	2	2.08	2.40	2.18	2.36
39	3	2.09	2.83	2.48	2.58
39	4	2.25	2.45	2.14	2.50
39	5	2.08	2.79	2.62	2.66
39	6	2.44	2.48	2.25	2.83
39	7	2.14	2.79	2.52	2.98
39	8	2.51	2.46	2.58	3.03
39	9	2.04	2.78	2.64	3.28
39	10	2.72	3.00	2.71	3.15
39	11	2.36	3.02	2.59	3.52
39	12	2.79	3.30	3.01	3.51
39	13	2.41	3.53	2.59	3.70
39	14	2.91	3.39	3.02	3.50
39	15	2.76	3.63	2.90	3.72
39	16	3.00	3.35	2.87	3.89
39	17	2.92	3.74	2.85	4.11
39	18	3.05	3.50	2.96	4.05
39	19	2.98	3.92	2.86	3.70
39	20	3.09	3.59	3.01	3.79
39	21	2.80	4.00	2.83	3.47
39	22	3.01	4.41	2.58	3.25
39	23	2.91	3.91	2.50	3.43
39	24	3.06	3.95	2.76	3.21
39	25	2.83	3.80	2.53	3.41
39	26	2.93	3.44	2.58	3.02
39	27	2.75	3.75	2.69	3.28
39	28	3.13	3.31	2.32	2.90
39	29	2.77	3.64	2.56	2.95
39	30	2.89	3.47	2.31	2.68
40	0	2.21	2.63	2.72	2.83
40	1	2.54	2.10	2.16	2.48
40	2	2.37	2.62	2.63	2.83
40	3	2.60	2.15	2.04	2.65
40	4	2.36	2.86	2.76	3.01
40	5	2.70	2.16	2.31	2.81
40	6	2.33	2.91	2.81	2.93
40	7	2.83	2.41	2.48	2.95
40	8	2.20	2.88	2.93	3.11
40	9	2.79	2.78	2.69	3.12
40	10	2.38	2.97	2.87	3.51
40	11	3.14	3.10	2.76	3.17
40	12	2.29	2.98	2.99	3.78
40	13	2.88	3.13	2.93	3.39
40	14	2.48	3.15	3.01	3.82
40	15	2.81	3.08	2.90	3.48
40	16	2.55	3.94	2.90	3.83
40	17	2.92	3.43	2.81	3.81
40	18	2.61	3.73	3.02	3.87
40	19	2.90	3.14	2.91	3.62
40	20	2.60	3.99	2.92	3.73
40	21	2.95	3.78	2.82	3.28
40	22	2.62	3.96	2.93	3.76
40	23	2.94	3.64	2.79	3.11
40	24	2.73	3.95	2.97	3.47
40	25	2.90	3.29	2.74	3.01
40	26	2.36	3.48	2.84	3.09
40	27	2.88	3.02	2.47	2.94
40	28	2.42	3.40	2.95	2.89
40	29	3.01	3.13	2.22	2.74
40	30	2.35	3.06	2.79	2.90