0	0	2.33	2.35	2.77	2.50
1	0	2.28	2.23	2.22	2.30
2	0	2.43	2.01	2.77	2.37
3	0	2.11	2.28	2.38	2.37
4	0	2.46	2.07	2.72	2.88
5	0	2.45	2.22	2.61	2.45
6	0	2.43	2.13	2.91	2.96
7	0	2.64	2.38	2.85	2.50
8	0	2.56	2.14	3.03	2.79
9	0	2.71	2.25	2.84	2.57
10	0	2.56	2.21	3.01	2.80
11	0	2.69	2.34	3.14	2.73
12	0	2.54	2.18	3.12	2.80
13	0	2.71	2.52	3.08	2.75
14	0	2.63	2.42	3.26	3.03
15	0	2.82	2.48	3.12	2.98
16	0	2.56	2.66	3.10	3.21
17	0	2.89	2.43	2.92	3.29
18	0	2.59	2.59	3.06	3.05
19	0	2.69	2.80	3.05	2.98
20	0	2.68	2.40	3.10	3.22
21	0	2.57	2.48	2.86	3.31
22	0	2.52	2.77	3.11	3.48
23	0	2.56	2.58	2.84	3.28
24	0	2.59	2.56	2.88	3.20
25	0	2.52	2.42	2.79	3.24
26	0	2.55	2.52	2.78	3.12
27	0	2.27	2.62	2.63	3.40
28	0	2.54	2.49	2.74	3.01
29	0	2.25	2.55	2.43	3.27
30	0	2.56	2.55	2.79	3.11
31	0	2.21	2.46	2.26	2.80
32	0	2.43	2.19	2.74	2.90
33	0	2.05	2.45	2.23	2.83
34	0	2.45	2.21	2.55	3.00
35	0	2.09	2.46	2.20	2.72
36	0	2.50	2.11	2.49	2.85
37	0	2.11	2.36	2.16	2.59
38	0	2.38	2.06	2.35	2.68
39	0	2.08	2.39	2.23	2.43
40	0	2.26	1.95	2.32	2.62
0	1	2.56	2.04	2.50	2.10
1	1	2.25	2.43	2.65	2.51
2	1	2.81	2.18	2.70	2.36
3	1	2.09	2.45	2.69	2.63
4	1	2.80	2.21	2.74	2.50
5	1	2.25	2.37	2.61	2.62
6	1	2.97	2.06	2.91	2.35
7	1	2.33	2.56	3.11	2.55
8	1	2.97	2.07	3.08	2.61
9	1	2.57	2.55	3.06	2.62
10	1	3.00	2.11	2.92	2.81
11	1	2.51	2.78	3.17	2.57
12	1	2.92	2.16	3.19	2.92
13	1	2.52	2.73	3.24	2.76
14	1	2.90	2.38	3.07	3.06
15	1	2.68	2.86	3.36	3.12
16	1	2.90	2.55	3.02	3.03
17	1	2.63	2.81	3.35	3.28
18	1	2.94	2.54	2.97	3.05
19	1	2.52	2.90	3.54	3.42
20	1	3.06	2.47	3.03	3.20
21	1	2.52	2.80	3.20	3.41
22	1	2.86	2.60	2.93	3.26
23	1	2.37	2.87	3.14	3.35
24	1	2.83	2.42	2.95	3.07
25	1	2.26	2.63	3.07	3.42
26	1	2.81	2.37	2.99	3.02
27	1	2.14	2.77	2.76	3.43
28	1	2.78	2.36	2.79	3.11
29	1	2.13	2.59	2.43	3.25
30	1	2.80	2.38	2.73	3.04
31	1	2.14	2.74	2.57	3.10
32	1	2.69	2.27	2.60	2.98
33	1	2.14	2.75	2.43	3.12
34	1	2.64	2.15	2.59	2.88
35	1	2.12	2.66	2.65	2.78
36	1	2.50	2.13	2.33	2.84
37	1	2.19	2.63	2.55	2.60
38	1	2.61	2.10	2.30	2.60
39	1	2.02	2.65	2.49	2.47
40	1	2.64	2.03	2.22	2.65
0	2	2.46	2.28	2.96	2.68
1	2	2.44	2.20	2.48	2.10
2	2	2.40	2.46	2.94	2.90
3	2	2.43	2.29	2.47	2.25
4	2	2.43	2.13	2.92	2.79
5	2	2.75	2.28	2.71	2.29
6	2	2.39	2.34	2.96	2.84
7	2	3.00	2.34	2.99	2.51
8	2	2.47	2.52	3.01	2.82
9	2	2.96	2.25	2.97	2.74
10	2	2.44	2.56	3.12	2.95
11	2	3.01	2.30	3.07	2.70
12	2	2.49	2.71	3.42	2.98
13	2	2.97	2.41	3.12	2.77
14	2	2.33	2.85	3.51	3.05
15	2	2.95	2.26	3.12	3.23
16	2	2.47	2.88	3.46	3.44
17	2	2.98	2.42	3.09	3.09
18	2	2.43	2.87	3.24	3.46
19	2	2.87	2.33	3.09	3.36
20	2	2.39	2.99	3.43	3.68
21	2	2.98	2.40	3.03	3.14
22	2	2.35	2.78	3.21	3.61
23	2	2.83	2.37	2.96	3.26
24	2	2.46	2.91	3.08	3.94
25	2	2.77	2.31	2.91	3.18
26	2	2.37	2.85	3.05	3.81
27	2	2.69	2.44	2.66	3.32
28	2	2.40	2.95	2.98	3.31
29	2	2.68	2.42	2.74	3.17
30	2	2.32	3.04	2.91	3.31
31	2	2.43	2.26	2.33	3.09
32	2	2.30	2.72	2.90	3.08
33	2	2.36	2.31	2.31	2.95
34	2	2.46	2.63	2.78	3.07
35	2	2.14	2.32	2.06	2.87
36	2	2.35	2.51	2.75	2.95
37	2	2.24	2.31	2.04	2.54
38	2	2.26	2.45	2.72	2.91
39	2	2.16	2.21	2.11	2.35
40	2	2.24	2.53	2.74	2.83
0	3	2.59	2.06	2.64	2.25
1	3	2.17	2.49	2.62	2.61
2	3	2.73	2.04	2.71	2.43
3	3	2.25	2.60	2.51	2.62
4	3	2.79	2.22	2.77	2.57
5	3	2.25	2.42	2.75	2.57
6	3	3.01	2.08	2.83	2.39
7	3	2.55	2.63	2.85	2.63
8	3	2.96	2.18	2.98	2.93
9	3	2.66	2.60	3.12	2.60
10	3	3.00	2.09	2.99	2.89
11	3	2.84	2.76	3.42	2.62
12	3	2.92	2.19	3.04	2.92
13	3	2.81	2.84	3.43	2.67
14	3	2.90	2.46	3.27	2.96
15	3	2.93	2.87	3.60	3.26
16	3	2.92	2.51	3.05	3.07
17	3	2.74	2.88	3.42	3.27
18	3	2.89	2.61	3.15	3.18
19	3	2.50	2.86	3.51	3.37
20	3	2.93	2.70	3.08	3.32
21	3	2.47	2.85	3.31	3.51
22	3	2.84	2.69	3.09	3.36
23	3	2.36	2.78	3.23	3.46
24	3	2.89	2.41	3.09	3.11
25	3	2.33	2.83	3.06	3.53
26	3	2.83	2.58	3.03	3.31
27	3	2.32	2.96	2.91	3.58
28	3	2.77	2.54	2.74	3.13
29	3	2.27	2.91	2.57	3.45
30	3	2.81	2.35	2.78	3.17
31	3	2.23	2.75	2.65	3.40
32	3	2.74	2.23	2.58	3.11
33	3	2.28	2.88	2.71	3.28
34	3	2.58	2.24	2.65	2.98
35	3	2.18	2.81	2.62	2.87
36	3	2.46	2.08	2.24	2.77
37	3	2.07	2.57	2.55	2.75
38	3	2.49	2.21	2.20	2.55
39	3	2.31	2.62	2.71	2.72
40	3	2.47	2.18	2.08	2.64
0	4	2.27	2.33	2.91	2.87
1	4	2.81	2.31	2.58	2.20
2	4	2.38	2.51	2.97	2.60
3	4	2.52	2.44	2.74	2.34
4	4	2.43	2.27	2.90	2.88
5	4	2.99	2.30	2.78	2.38
6	4	2.47	2.44	2.94	2.76
7	4	3.02	2.37	2.90	2.53
8	4	2.60	2.53	3.13	2.96
9	4	2.94	2.33	2.99	2.87
10	4	2.66	2.71	3.26	2.89
11	4	2.96	2.35	3.15	2.90
12	4	2.77	2.71	3.53	2.95
13	4	3.01	2.36	3.11	2.87
14	4	2.95	2.94	3.88	3.12
15	4	3.00	2.58	3.24	3.23
16	4	2.85	2.99	3.73	3.64
17	4	2.99	2.65	3.07	3.22
18	4	2.52	2.86	3.71	3.76
19	4	2.90	2.71	3.09	3.39
20	4	2.51	3.00	3.79	3.83
21	4	2.89	2.96	3.10	3.29
22	4	2.58	2.98	3.68	3.86
23	4	2.90	2.59	3.17	3.26
24	4	2.36	2.88	3.46	3.94
25	4	2.93	2.46	2.99	3.23
26	4	2.45	3.00	3.03	3.71
27	4	2.88	2.66	2.96	3.35
28	4	2.38	2.87	2.98	3.70
29	4	2.91	2.70	2.85	3.15
30	4	2.32	3.00	2.92	3.68
31	4	2.71	2.47	2.75	3.28
32	4	2.45	2.90	2.94	3.38
33	4	2.53	2.35	2.54	3.14
34	4	2.36	2.81	2.90	3.06
35	4	2.23	2.35	2.17	2.99
36	4	2.25	2.61	2.84	2.95
37	4	2.26	2.27	2.06	2.75
38	4	2.35	2.65	2.66	2.93
39	4	2.17	2.27	2.06	2.50
40	4	2.42	2.48	2.68	2.90
0	5	2.93	2.05	2.72	2.32
1	5	2.31	2.42	2.64	2.49
2	5	2.96	2.03	2.84	2.45
3	5	2.30	2.55	2.95	2.74
4	5	2.75	2.04	2.97	2.73
5	5	2.61	2.69	2.95	2.43
6	5	2.86	2.16	2.97	2.81
7	5	2.95	2.74	3.04	2.66
8	5	3.02	2.26	2.99	2.88
9	5	2.98	2.79	3.32	2.80
10	5	2.95	2.38	3.16	2.92
11	5	3.12	2.85	3.72	3.15
12	5	2.97	2.50	3.60	3.05
13	5	3.07	2.88	3.55	3.17
14	5	3.03	2.62	3.71	3.06
15	5	3.17	2.98	3.88	3.49
16	5	2.94	2.74	3.88	3.31
17	5	2.98	2.83	3.85	3.55
18	5	2.96	2.97	3.78	3.57
19	5	2.88	2.98	3.62	3.83
20	5	2.90	2.78	3.37	3.93
21	5	2.92	2.85	3.68	3.92
22	5	2.97	2.90	3.18	3.87
23	5	2.89	2.93	3.70	4.00
24	5	2.96	2.77	3.14	3.80
25	5	2.84	2.78	3.29	3.62
26	5	2.96	2.66	3.11	3.76
27	5	2.60	2.92	3.32	3.63
28	5	2.94	2.81	3.00	3.46
29	5	2.60	2.88	3.06	3.59
30	5	2.88	2.71	2.81	3.26
31	5	2.18	2.89	2.59	3.63
32	5	2.84	2.52	2.77	3.14
33	5	2.06	2.80	2.51	3.39
34	5	2.77	2.43	2.62	3.04
35	5	2.24	2.84	2.64	3.30
36	5	2.56	2.31	2.64	3.04
37	5	2.25	2.73	2.46	2.86
38	5	2.55	2.24	2.46	2.98
39	5	2.09	2.59	2.60	2.66
40	5	2.61	2.20	2.31	2.74
0	6	2.46	2.34	2.90	2.68
1	6	2.89	2.26	2.70	2.24
2	6	2.49	2.42	2.87	2.77
3	6	2.95	2.35	2.86	2.51
4	6	2.52	2.46	3.03	2.84
5	6	2.99	2.36	3.07	2.80
6	6	3.03	2.60	3.27	2.94
7	6	2.95	2.43	3.05	2.81
8	6	3.25	2.63	3.51	3.02
9	6	2.98	2.26	3.07	2.85
10	6	3.19	2.83	3.87	2.95
11	6	3.06	2.46	3.68	3.24
12	6	3.31	2.89	3.97	3.31
13	6	3.05	2.60	3.90	3.08
14	6	3.33	2.86	4.16	3.71
15	6	3.08	3.07	4.01	3.45
16	6	3.21	3.06	4.75	4.04
17	6	2.97	3.04	4.05	3.74
18	6	2.97	2.98	4.48	3.88
19	6	3.04	3.28	4.04	4.21
20	6	3.00	3.05	4.04	4.32
21	6	3.06	3.28	3.82	4.21
22	6	3.10	3.23	3.90	4.74
23	6	2.99	3.06	3.57	4.16
24	6	2.92	3.07	3.99	4.02
25	6	2.96	3.02	3.27	4.17
26	6	2.65	3.03	3.81	4.17
27	6	2.98	3.04	3.05	4.05
28	6	2.47	3.03	3.58	4.13
29	6	3.02	2.94	3.07	3.82
30	6	2.51	3.13	2.98	3.97
31	6	2.93	2.80	2.89	3.47
32	6	2.46	3.01	2.99	3.83
33	6	2.82	2.92	2.78	3.07
34	6	2.25	2.96	2.99	3.49
35	6	2.46	2.37	2.61	3.34
36	6	2.30	2.81	2.97	3.17
37	6	2.58	2.38	2.44	3.19
38	6	2.28	2.73	2.93	2.92
39	6	2.32	2.21	2.18	2.95
40	6	2.58	2.70	2.75	2.91
0	7	2.81	2.06	2.82	2.35
1	7	2.50	2.71	2.77	2.64
2	7	2.91	2.18	2.81	2.42
3	7	2.75	2.65	3.21	2.77
4	7	2.94	2.30	3.05	2.60
5	7	2.82	2.78	3.36	2.53
6	7	2.86	2.09	3.07	2.91
7	7	3.18	2.79	3.62	2.85
8	7	3.21	2.41	3.48	3.02
9	7	3.06	2.83	3.42	2.95
10	7	2.95	2.53	3.86	3.04
11	7	3.12	2.80	4.03	3.35
12	7	3.37	2.67	4.05	3.10
13	7	3.17	2.91	4.30	3.51
14	7	3.63	2.82	4.28	3.32
15	7	3.03	2.94	4.52	3.73
16	7	3.21	3.06	4.81	4.10
17	7	3.06	3.12	4.53	3.78
18	7	3.15	3.16	4.72	4.01
19	7	3.23	3.36	4.60	4.42
20	7	3.24	3.09	4.06	4.31
21	7	3.15	3.42	4.58	4.73
22	7	3.16	3.06	3.96	4.67
23	7	3.11	3.25	3.89	4.74
24	7	2.94	3.04	3.81	4.70
25	7	3.02	3.21	3.47	4.50
26	7	2.93	3.11	3.56	4.35
27	7	2.98	3.18	3.59	4.31
28	7	3.04	3.03	3.22	4.06
29	7	2.83	3.01	3.41	4.05
30	7	3.00	2.97	2.97	3.96
31	7	2.52	2.94	3.14	3.59
32	7	2.90	2.83	2.95	3.69
33	7	2.28	2.83	2.91	3.57
34	7	2.72	2.90	2.70	3.52
35	7	2.22	2.93	2.66	3.57
36	7	2.58	2.56	2.70	3.11
37	7	2.18	2.80	2.55	3.05
38	7	2.67	2.32	2.53	2.98
39	7	2.26	2.79	2.62	2.96
40	7	2.71	2.21	2.34	3.04
0	8	2.61	2.50	2.93	2.89
1	8	2.93	2.26	2.82	2.42
2	8	2.52	2.68	3.10	2.97
3	8	2.93	2.35	3.07	2.49
4	8	2.74	2.62	3.33	2.84
5	8	3.01	2.31	3.18	2.75
6	8	3.02	2.75	3.75	2.96
7	8	2.96	2.40	3.20	3.04
8	8	3.22	2.91	3.86	3.19
9	8	3.13	2.56	3.64	3.13
10	8	3.32	3.03	3.92	3.16
11	8	3.10	2.66	3.99	3.22
12	8	3.34	3.01	4.60	3.73
13	8	3.42	2.91	4.20	3.29
14	8	3.40	2.97	4.91	3.91
15	8	3.52	3.05	4.69	3.90
16	8	3.32	3.04	5.30	4.05
17	8	3.41	3.27	4.97	4.06
18	8	3.35	3.21	5.12	4.20
19	8	3.19	3.24	5.03	4.25
20	8	3.38	3.50	4.93	4.97
21	8	3.50	3.25	4.52	4.82
22	8	3.40	3.45	4.64	5.08
23	8	3.18	3.37	4.10	5.04
24	8	3.19	3.43	4.06	5.11
25	8	2.96	3.30	3.75	5.20
26	8	3.10	3.26	3.85	4.91
27	8	2.96	3.23	3.19	4.66
28	8	2.77	3.12	3.75	4.85
29	8	2.92	3.26	2.96	4.18
30	8	2.49	3.04	3.52	4.56
31	8	2.90	3.02	3.06	4.05
32	8	2.25	2.98	3.13	3.94
33	8	2.90	3.03	3.11	3.92
34	8	2.51	2.94	3.17	3.88
35	8	2.78	2.70	2.78	3.22
36	8	2.41	3.01	2.95	3.59
37	8	2.70	2.55	2.49	3.15
38	8	2.36	2.83	2.96	3.21
39	8	2.51	2.40	2.35	3.05
40	8	2.37	2.74	2.88	2.98
0	9	2.92	2.14	3.10	2.59
1	9	2.86	2.73	3.22	2.45
2	9	2.98	2.12	3.00	2.69
3	9	2.98	2.86	3.49	2.65
4	9	3.07	2.26	3.11	2.70
5	9	3.12	2.82	3.67	2.75
6	9	3.07	2.17	3.72	2.85
7	9	3.14	2.85	3.70	3.37
8	9	3.04	2.71	3.98	3.07
9	9	3.06	2.85	4.06	3.31
10	9	3.57	2.71	4.07	3.18
11	9	3.05	3.02	4.71	3.68
12	9	3.81	2.83	4.68	3.38
13	9	3.16	2.81	4.84	3.69
14	9	3.84	2.93	5.11	3.80
15	9	3.37	3.08	5.62	4.20
16	9	3.94	3.11	5.78	4.22
17	9	3.25	3.42	5.97	4.35
18	9	3.88	3.21	5.84	4.41
19	9	3.26	3.83	5.93	4.76
20	9	3.93	3.16	5.77	5.01
21	9	3.36	3.75	5.62	5.56
22	9	3.81	3.29	5.04	5.94
23	9	3.17	3.67	4.99	6.27
24	9	3.51	3.06	4.71	5.97
25	9	3.13	3.70	4.56	5.96
26	9	3.07	3.17	3.99	5.80
27	9	3.20	3.64	3.76	5.71
28	9	2.97	3.04	3.76	5.34
29	9	3.05	3.66	3.52	5.20
30	9	2.95	3.13	3.49	4.98
31	9	2.73	3.42	3.55	4.71
32	9	2.80	3.12	3.09	4.29
33	9	2.76	3.01	3.16	4.33
34	9	2.85	2.87	3.02	3.98
35	9	2.29	2.95	2.75	3.64
36	9	2.89	2.68	2.80	3.55
37	9	2.29	2.71	2.51	3.52
38	9	2.89	2.51	2.50	3.05
39	9	2.21	2.80	2.57	3.34
40	9	2.80	2.55	2.63	3.06
0	10	2.63	2.56	3.59	2.85
1	10	3.07	2.34	3.14	2.49
2	10	3.02	2.62	3.64	2.93
3	10	2.96	2.48	3.13	2.81
4	10	3.27	2.84	3.82	2.94
5	10	3.09	2.47	3.69	2.86
6	10	3.41	2.90	3.94	3.31
7	10	3.08	2.55	4.03	3.31
8	10	3.35	2.94	4.68	3.63
9	10	3.55	2.87	4.18	3.35
10	10	3.41	3.03	4.90	3.79
11	10	3.93	3.34	5.18	3.63
12	10	3.63	3.06	5.80	3.97
13	10	4.04	3.21	5.79	4.15
14	10	4.19	3.17	6.80	4.29
15	10	3.95	3.29	6.88	4.34
16	10	4.36	3.78	7.89	4.86
17	10	4.12	3.44	7.50	5.05
18	10	4.17	3.84	7.89	5.64
19	10	3.97	3.72	7.67	6.09
20	10	3.74	3.98	7.81	6.57
21	10	4.02	4.13	7.09	7.27
22	10	3.50	4.02	6.84	8.03
23	10	3.96	4.18	5.97	8.20
24	10	3.51	3.95	5.96	8.40
25	10	3.81	3.83	5.06	7.99
26	10	3.40	3.98	4.96	7.98
27	10	3.26	3.54	4.16	7.39
28	10	3.38	3.94	4.57	7.02
29	10	3.09	3.35	3.99	6.62
30	10	3.01	3.72	3.99	6.25
31	10	2.93	3.33	3.52	5.20
32	10	2.68	3.59	3.78	5.49
33	10	3.02	3.24	3.02	4.84
34	10	2.58	3.14	3.53	4.50
35	10	2.97	3.10	3.06	4.15
36	10	2.48	2.98	2.90	3.94
37	10	3.00	2.86	2.95	3.82
38	10	2.48	3.01	2.96	3.82
39	10	2.86	2.79	2.53	3.29
40	10	2.38	2.93	2.84	3.56
0	11	2.87	2.11	3.19	2.60
1	11	2.98	2.68	3.44	2.49
2	11	2.94	2.25	3.22	2.76
3	11	3.19	2.91	3.62	2.76
4	11	3.35	2.71	3.66	2.90
5	11	3.15	2.84	3.70	3.05
6	11	3.49	2.80	4.07	3.08
7	11	3.13	2.75	4.53	3.46
8	11	3.72	2.92	4.72	3.56
9	11	3.44	2.66	4.41	3.51
10	11	3.91	2.90	5.02	3.74
11	11	4.02	3.30	5.64	3.87
12	11	3.98	3.09	6.08	3.95
13	11	4.04	3.42	6.37	4.39
14	11	4.50	3.12	7.14	4.67
15	11	4.19	3.84	8.50	4.68
16	11	4.88	3.68	9.34	5.10
17	11	4.43	3.85	10.14	5.50
18	11	4.90	3.69	10.70	5.99
19	11	4.11	3.98	11.61	6.66
20	11	4.63	4.19	10.68	7.40
21	11	4.16	4.75	9.77	8.42
22	11	4.19	4.11	8.82	9.11
23	11	4.07	4.79	7.55	10.68
24	11	3.78	4.17	6.77	10.95
25	11	3.85	4.35	6.47	11.14
26	11	3.95	4.02	5.50	10.57
27	11	3.42	4.02	4.84	9.72
28	11	3.64	3.71	4.41	8.31
29	11	3.27	3.80	4.42	8.37
30	11	3.33	3.53	3.93	7.08
31	11	3.09	3.75	3.67	6.51
32	11	3.00	3.26	3.63	6.00
33	11	2.98	3.75	3.50	5.31
34	11	2.93	3.11	3.02	4.67
35	11	2.78	3.46	3.29	4.28
36	11	2.84	3.11	2.92	3.95
37	11	2.62	3.03	3.09	3.81
38	11	2.94	2.92	2.96	3.74
39	11	2.31	2.97	2.53	3.62
40	11	2.86	2.81	2.68	3.20
0	12	3.06	2.66	3.92	2.84
1	12	3.10	2.35	3.18	2.64
2	12	3.26	2.84	3.82	2.90
3	12	3.10	2.44	3.57	2.84
4	12	3.30	2.99	4.02	2.98
5	12	3.59	2.63	4.09	2.96
6	12	3.18	2.87	4.50	3.53
7	12	3.75	2.99	4.87	3.13
8	12	3.46	3.00	4.84	3.88
9	12	4.03	2.93	4.96	3.83
10	12	3.77	2.99	5.57	3.97
11	12	4.18	3.29	6.11	4.06
12	12	4.36	3.62	7.04	4.52
13	12	4.65	3.28	7.37	4.42
14	12	4.47	3.85	8.95	4.80
15	12	5.00	3.57	10.43	5.14
16	12	5.11	3.85	12.74	5.96
17	12	5.11	3.95	14.05	6.06
18	12	5.28	4.08	14.88	7.04
19	12	5.03	4.37	16.10	7.98
20	12	5.05	4.91	15.67	8.86
21	12	4.94	4.74	13.66	10.01
22	12	4.38	4.94	11.93	11.91
23	12	4.20	5.08	9.02	14.71
24	12	4.11	4.88	8.58	16.02
25	12	3.83	4.84	7.09	16.01
26	12	3.41	4.92	6.37	15.69
27	12	3.82	4.35	4.98	13.18
28	12	3.09	4.07	5.01	11.36
29	12	3.73	4.03	4.05	10.16
30	12	3.23	4.04	4.55	9.03
31	12	3.18	3.66	4.01	7.24
32	12	3.39	3.94	3.96	6.82
33	12	3.10	3.38	3.34	5.95
34	12	3.16	3.69	3.69	5.06
35	12	2.98	3.35	2.97	4.38
36	12	2.51	3.28	3.15	4.55
37	12	2.91	3.19	3.05	4.22
38	12	2.37	3.02	2.93	3.85
39	12	2.89	2.97	2.92	3.79
40	12	2.32	3.01	2.77	3.70
0	13	3.34	2.28	3.40	2.69
1	13	3.05	2.73	3.40	2.46
2	13	3.44	2.61	3.80	2.89
3	13	3.05	2.69	3.74	2.77
4	13	3.67	2.72	3.99	3.02
5	13	3.27	2.81	4.25	3.18
6	13	3.86	2.99	4.73	3.09
7	13	3.88	3.05	5.19	3.56
8	13	3.91	3.00	5.04	3.67
9	13	4.02	3.19	5.31	3.73
10	13	4.39	3.02	6.41	4.03
11	13	4.35	3.52	8.18	4.36
12	13	4.98	3.23	9.83	4.51
13	13	5.06	3.68	11.56	4.50
14	13	5.78	3.60	17.41	5.41
15	13	6.07	4.18	29.87	6.32
16	13	6.83	4.15	39.80	7.11
17	13	6.97	4.67	47.64	8.32
18	13	7.40	4.65	51.75	10.02
19	13	7.28	5.42	51.27	14.22
20	13	6.97	5.61	46.16	19.15
21	13	7.06	6.23	40.74	25.39
22	13	6.70	6.27	31.22	36.43
23	13	5.28	6.92	18.60	51.14
24	13	5.10	7.14	13.94	55.25
25	13	4.64	7.14	11.19	54.44
26	13	4.58	6.37	7.93	49.52
27	13	4.07	5.90	6.60	37.41
28	13	3.90	5.05	5.23	27.57
29	13	3.68	5.55	4.94	22.14
30	13	3.88	4.65	4.41	14.76
31	13	3.10	4.52	4.25	10.46
32	13	3.55	4.03	3.86	8.19
33	13	2.95	3.88	3.44	6.98
34	13	3.18	3.70	3.40	5.61
35	13	3.08	3.97	3.56	4.91
36	13	2.98	3.38	3.08	4.52
37	13	2.93	3.76	3.09	4.22
38	13	2.87	3.13	3.02	4.17
39	13	2.63	3.54	2.77	3.43
40	13	2.83	3.05	2.69	3.55
0	14	3.30	2.89	3.64	2.94
1	14	3.82	2.46	3.41	2.80
2	14	3.42	2.95	3.97	2.93
3	14	3.78	2.71	4.01	3.07
4	14	3.39	2.99	4.79	3.05
5	14	3.91	3.00	4.71	3.03
6	14	4.02	3.23	4.89	3.55
7	14	4.12	3.22	5.37	3.25
8	14	4.36	3.67	6.30	3.92
9	14	4.79	3.32	6.89	4.01
10	14	4.77	3.84	8.23	4.35
11	14	5.49	3.56	10.75	4.31
12	14	5.97	4.01	16.83	4.96
13	14	6.82	4.06	24.13	5.17
14	14	7.98	4.50	42.91	6.47
15	14	9.64	5.03	69.85	8.10
16	14	10.69	5.69	91.37	10.58
17	14	11.68	5.45	109.00	12.84
18	14	12.54	6.39	122.24	17.75
19	14	13.92	7.42	130.87	30.14
20	14	13.26	9.01	127.70	47.91
21	14	12.25	10.14	115.14	70.49
22	14	10.89	12.00	83.81	104.76
23	14	8.97	13.18	42.11	141.20
24	14	7.52	14.12	27.69	151.38
25	14	6.89	13.57	20.05	155.92
26	14	5.66	12.09	13.71	138.38
27	14	4.99	9.96	9.01	100.56
28	14	4.54	8.86	7.07	70.29
29	14	4.91	7.79	6.06	51.70
30	14	4.20	6.70	5.21	29.69
31	14	3.89	5.31	4.05	17.17
32	14	3.34	5.05	3.91	11.93
33	14	3.93	4.39	3.84	8.27
34	14	3.37	4.22	3.92	6.88
35	14	3.08	4.09	3.04	5.29
36	14	3.06	3.93	3.61	4.87
37	14	2.99	3.48	3.06	4.66
38	14	2.98	3.72	3.07	4.56
39	14	3.00	3.21	2.96	3.88
40	14	2.45	3.28	2.98	3.78
0	15	3.85	2.63	3.51	2.79
1	15	3.58	2.65	3.74	2.71
2	15	3.92	2.67	4.01	2.95
3	15	3.71	2.85	4.41	3.09
4	15	3.90	2.83	4.73	3.01
5	15	4.04	3.17	4.84	3.25
6	15	4.63	3.06	4.96	3.07
7	15	4.37	3.64	5.86	3.68
8	15	4.90	3.59	6.69	3.87
9	15	5.00	3.67	7.18	4.11
10	15	5.63	3.63	9.02	4.06
11	15	6.12	3.82	12.61	4.47
12	15	6.87	4.08	22.55	5.07
13	15	7.13	4.51	33.00	5.64
14	15	9.92	4.67	61.91	6.90
15	15	11.62	5.52	127.33	9.47
16	15	14.05	6.00	182.21	12.42
17	15	16.09	6.59	223.18	15.91
18	15	19.16	7.06	244.88	21.69
19	15	19.29	9.02	248.51	37.92
20	15	18.89	11.01	252.74	63.79
21	15	16.41	12.44	224.15	105.35
22	15	13.70	15.01	142.50	172.24
23	15	10.08	17.98	54.90	266.13
24	15	8.86	18.05	33.82	297.82
25	15	7.73	17.62	24.40	324.28
26	15	6.85	16.24	16.55	302.64
27	15	5.44	12.91	11.13	207.90
28	15	5.10	10.57	8.00	125.44
29	15	5.01	9.81	7.05	77.60
30	15	4.67	7.68	5.86	39.23
31	15	4.08	6.51	4.59	21.66
32	15	3.82	5.11	3.98	13.70
33	15	3.43	5.03	3.74	10.16
34	15	3.75	4.15	3.58	7.07
35	15	3.13	4.43	3.46	5.54
36	15	3.02	4.00	2.90	4.93
37	15	3.01	3.84	3.10	4.83
38	15	2.94	3.39	2.89	4.16
39	15	2.87	3.74	2.77	3.86
40	15	2.87	3.08	2.84	3.61
0	16	3.43	2.98	3.76	2.91
1	16	3.95	2.53	3.71	2.93
2	16	3.45	2.99	4.18	3.03
3	16	3.87	2.97	4.03	3.19
4	16	4.16	2.96	4.92	3.12
5	16	4.14	3.19	4.92	3.01
6	16	4.36	3.67	5.49	3.63
7	16	5.01	3.23	6.07	3.37
8	16	5.19	3.79	7.67	3.87
9	16	4.98	3.52	7.98	3.98
10	16	5.36	3.95	10.08	4.43
11	16	7.00	4.06	16.55	4.69
12	16	7.44	4.57	36.26	5.50
13	16	8.95	4.44	68.51	6.04
14	16	14.19	5.73	172.98	7.81
15	16	19.54	6.25	508.89	11.01
16	16	23.22	7.04	806.36	14.08
17	16	26.02	7.53	978.57	18.01
18	16	29.52	8.85	977.51	26.43
19	16	28.49	11.34	978.66	76.41
20	16	28.24	16.53	977.56	185.07
21	16	25.52	19.13	816.53	380.92
22	16	21.43	26.05	446.12	669.08
23	16	16.69	35.98	126.62	978.52
24	16	12.21	36.72	58.95	977.30
25	16	9.99	33.33	32.41	978.39
26	16	7.39	29.64	19.82	977.35
27	16	6.60	21.70	12.51	640.16
28	16	5.48	15.91	9.52	400.06
29	16	5.22	14.12	7.83	246.67
30	16	4.34	9.92	6.52	73.48
31	16	4.03	7.21	4.97	30.32
32	16	3.63	6.13	4.58	17.61
33	16	4.00	5.24	4.03	11.68
34	16	3.32	4.96	3.85	7.89
35	16	3.35	4.25	3.08	6.03
36	16	3.22	4.14	3.45	5.63
37	16	3.00	3.98	3.02	5.16
38	16	3.07	3.86	2.95	4.74
39	16	3.05	3.42	2.85	4.23
40	16	2.41	3.69	2.95	3.79
0	17	3.79	2.56	3.58	2.86
1	17	3.76	2.69	3.58	2.76
2	17	3.89	2.68	3.97	3.01
3	17	4.10	2.94	4.31	2.86
4	17	4.20	3.06	4.59	2.97
5	17	4.21	3.42	4.46	3.32
6	17	4.79	3.13	5.22	3.44
7	17	5.18	3.74	6.45	3.59
8	17	5.79	3.63	7.68	3.90
9	17	6.17	3.79	8.34	4.05
10	17	6.71	3.77	10.96	4.23
11	17	8.18	4.40	22.98	4.77
12	17	10.13	4.50	67.20	5.56
13	17	12.05	5.21	172.61	6.37
14	17	16.98	6.04	734.31	8.50
15	17	21.51	6.90	976.91	10.89
16	17	26.58	7.56	975.77	13.75
17	17	30.02	8.63	976.94	18.42
18	17	33.58	10.03	975.46	31.96
19	17	31.69	12.80	977.06	176.54
20	17	28.91	15.37	975.66	609.15
21	17	25.25	16.74	977.00	977.07
22	17	20.85	21.16	975.75	975.58
23	17	14.96	27.68	411.69	977.00
24	17	11.80	30.90	113.34	975.63
25	17	9.71	29.88	41.96	976.85
26	17	7.78	29.39	19.27	975.59
27	17	6.65	24.73	12.41	977.02
28	17	5.74	19.22	9.98	975.55
29	17	5.28	17.08	8.35	844.62
30	17	4.80	12.23	6.80	171.71
31	17	4.07	8.91	5.23	46.38
32	17	3.83	7.07	4.71	21.98
33	17	3.82	6.09	4.25	13.52
34	17	3.91	5.16	3.69	8.69
35	17	3.22	4.82	3.50	6.82
36	17	3.41	4.18	3.08	5.73
37	17	3.10	4.53	3.31	5.28
38	17	3.00	4.10	2.95	4.52
39	17	3.03	3.72	2.74	4.36
40	17	2.93	3.40	2.90	3.96
0	18	3.34	2.89	3.96	2.98
1	18	3.95	2.69	3.84	2.81
2	18	4.15	2.95	3.93	2.92
3	18	4.06	3.10	4.00	3.00
4	18	4.44	3.00	4.90	3.21
5	18	5.12	3.17	4.73	3.13
6	18	5.28	3.42	5.76	3.74
7	18	5.98	3.30	6.24	3.49
8	18	6.24	3.92	7.72	3.89
9	18	7.42	3.78	8.18	4.05
10	18	8.33	4.08	12.20	4.67
11	18	11.27	4.26	27.28	5.12
12	18	16.21	5.05	83.70	5.89
13	18	20.32	5.20	215.82	6.62
14	18	27.22	6.65	977.49	8.42
15	18	36.95	7.73	978.62	11.05
16	18	44.39	8.97	977.61	14.32
17	18	50.25	9.90	978.72	18.55
18	18	57.62	12.86	977.52	39.77
19	18	55.59	17.31	978.72	247.95
20	18	48.21	23.21	977.59	902.99
21	18	41.22	28.21	978.70	978.76
22	18	29.89	39.43	977.51	977.53
23	18	18.72	55.78	545.00	978.51
24	18	15.24	61.79	147.51	977.32
25	18	11.89	59.32	49.19	978.45
26	18	9.29	50.06	18.77	977.35
27	18	7.13	37.20	10.96	978.67
28	18	6.31	28.99	9.06	977.35
29	18	5.94	22.93	7.43	978.55
30	18	5.16	17.13	6.77	228.43
31	18	4.69	12.36	5.18	50.91
32	18	3.93	9.00	4.83	23.40
33	18	3.89	7.27	4.05	13.73
34	18	3.29	6.06	3.83	9.13
35	18	3.75	5.35	2.97	6.57
36	18	3.38	4.85	3.66	5.97
37	18	3.17	4.24	3.03	5.05
38	18	3.10	4.18	2.99	4.80
39	18	2.99	3.50	2.94	4.15
40	18	2.57	3.59	2.89	4.07
0	19	3.89	2.71	3.35	2.82
1	19	4.01	2.62	3.41	2.75
2	19	4.46	2.85	3.73	2.98
3	19	4.28	2.98	4.13	3.09
4	19	5.05	3.06	4.10	3.03
5	19	4.99	3.31	4.44	3.36
6	19	5.76	3.05	5.03	3.18
7	19	6.08	3.78	5.91	3.48
8	19	7.36	3.72	6.96	3.70
9	19	8.08	4.09	8.20	3.98
10	19	9.75	3.99	11.19	4.08
11	19	14.19	4.88	24.63	4.73
12	19	25.08	4.98	71.40	5.66
13	19	34.53	5.87	163.95	6.53
14	19	55.81	7.06	778.47	8.35
15	19	103.52	8.84	977.15	11.34
16	19	143.61	10.54	975.57	14.59
17	19	171.34	12.79	977.03	18.34
18	19	192.33	17.37	975.78	34.22
19	19	183.94	33.91	977.29	191.66
20	19	164.80	50.98	975.65	712.13
21	19	136.81	75.59	977.11	977.11
22	19	83.28	120.35	975.68	975.79
23	19	35.50	187.34	418.61	976.97
24	19	23.29	207.87	112.84	975.50
25	19	16.11	218.13	38.85	976.91
26	19	11.82	185.02	17.65	975.58
27	19	8.45	117.90	11.23	977.11
28	19	7.01	68.11	8.65	975.51
29	19	6.24	43.95	7.42	821.28
30	19	5.67	25.89	5.96	180.92
31	19	4.46	16.87	5.31	46.19
32	19	3.93	11.00	4.48	22.04
33	19	4.01	8.91	4.06	13.47
34	19	3.77	6.59	3.59	9.04
35	19	3.20	5.83	3.45	6.55
36	19	3.56	4.64	3.02	5.30
37	19	3.17	4.78	3.11	5.10
38	19	3.13	4.13	3.03	4.20
39	19	2.94	3.85	2.72	3.81
40	19	2.77	3.15	2.88	3.92
0	20	3.44	2.98	3.73	2.92
1	20	4.05	2.77	3.53	2.87
2	20	4.34	2.97	3.88	2.97
3	20	4.97	2.96	4.00	2.99
4	20	4.97	2.95	4.65	3.36
5	20	5.05	3.19	4.75	3.07
6	20	5.36	3.56	5.66	3.65
7	20	6.78	3.33	6.00	3.22
8	20	7.34	3.99	6.94	3.85
9	20	8.99	4.12	7.98	3.94
10	20	10.28	4.11	10.99	4.61
11	20	18.90	4.39	21.78	4.90
12	20	38.20	5.64	57.57	5.92
13	20	67.68	6.18	119.19	6.66
14	20	151.90	7.99	489.10	8.46
15	20	352.82	10.31	978.79	11.10
16	20	541.02	12.94	977.49	13.88
17	20	670.01	16.18	978.62	17.39
18	20	779.63	24.10	977.45	30.55
19	20	750.48	70.87	978.65	130.92
20	20	604.88	160.86	977.49	421.30
21	20	436.73	262.34	978.67	854.98
22	20	231.85	411.37	977.59	977.48
23	20	68.42	636.80	274.31	978.70
24	20	34.99	690.86	82.64	977.33
25	20	23.22	656.62	31.93	978.62
26	20	15.37	533.68	16.92	977.37
27	20	10.63	317.08	10.22	978.73
28	20	8.36	199.04	8.82	848.50
29	20	7.00	108.53	7.13	506.92
30	20	5.79	43.42	5.91	130.87
31	20	4.99	21.27	4.88	37.58
32	20	4.05	13.16	4.67	19.38
33	20	3.89	9.81	3.99	12.14
34	20	3.37	7.42	3.85	8.63
35	20	3.64	5.98	3.04	6.14
36	20	3.15	4.97	3.38	5.63
37	20	3.10	4.75	2.99	4.96
38	20	2.97	4.41	3.06	4.60
39	20	2.97	3.90	2.98	3.77
40	20	2.67	3.69	3.01	3.95
0	21	3.82	2.74	3.48	2.82
1	21	3.87	2.77	3.43	2.60
2	21	4.20	2.91	3.53	3.07
3	21	4.34	3.08	4.13	2.96
4	21	4.91	2.95	4.20	3.07
5	21	5.08	3.28	4.40	3.28
6	21	5.88	3.15	4.90	3.18
7	21	6.88	3.85	5.84	3.48
8	21	8.15	3.95	6.38	3.57
9	21	9.16	4.51	7.40	3.76
10	21	12.14	4.26	9.59	4.09
11	21	28.48	5.16	14.79	4.75
12	21	94.57	6.02	29.65	5.58
13	21	217.80	7.65	50.11	6.39
14	21	943.99	9.06	109.86	8.01
15	21	977.59	12.51	249.67	10.06
16	21	976.51	15.08	334.09	11.16
17	21	977.55	20.98	410.27	13.80
18	21	976.54	38.80	449.79	21.06
19	21	977.56	214.22	478.31	52.92
20	21	976.38	857.03	405.04	100.84
21	21	977.71	977.38	368.06	181.85
22	21	976.58	975.82	226.21	317.79
23	21	299.18	977.44	65.20	287.05
24	21	95.07	975.61	32.74	270.83
25	21	42.66	977.38	19.55	220.30
26	21	19.24	975.68	11.89	199.30
27	21	12.14	977.40	8.54	149.64
28	21	10.10	975.68	6.98	106.17
29	21	8.08	778.63	6.52	75.38
30	21	7.03	162.22	5.21	41.22
31	21	5.12	44.72	4.74	20.36
32	21	4.96	20.26	4.05	11.36
33	21	4.10	12.66	3.62	8.38
34	21	3.78	8.72	3.25	6.67
35	21	3.26	6.88	3.43	5.56
36	21	3.60	5.58	3.00	4.80
37	21	3.07	5.04	3.03	4.42
38	21	3.11	4.19	2.87	3.96
39	21	2.97	4.27	2.66	3.67
40	21	2.89	3.84	2.61	3.18
0	22	3.52	2.89	3.54	2.93
1	22	3.99	2.82	3.17	2.75
2	22	3.86	3.07	3.94	2.90
3	22	4.09	3.03	3.91	2.88
4	22	4.46	3.09	4.51	2.93
5	22	4.95	3.29	4.20	3.13
6	22	5.36	3.65	4.83	3.27
7	22	6.75	3.36	5.03	3.20
8	22	7.06	3.94	5.84	3.82
9	22	8.98	3.95	6.14	3.71
10	22	12.35	4.49	7.24	3.97
11	22	28.83	4.73	8.91	4.26
12	22	93.93	5.84	12.07	5.29
13	22	231.01	6.91	15.09	5.97
14	22	977.93	8.68	20.84	7.07
15	22	979.50	11.59	27.38	7.76
16	22	977.77	15.52	33.44	8.40
17	22	979.62	19.88	41.48	9.67
18	22	977.76	43.77	52.21	11.83
19	22	979.58	268.99	58.64	19.30
20	22	978.06	977.54	52.23	23.41
21	22	979.58	978.69	45.30	27.01
22	22	978.00	977.69	33.84	34.73
23	22	461.93	978.65	23.04	51.97
24	22	130.34	977.43	17.00	57.77
25	22	49.19	978.72	13.00	63.83
26	22	19.58	977.56	9.32	56.38
27	22	12.03	978.76	7.05	42.73
28	22	9.49	977.46	6.53	33.56
29	22	7.91	970.25	5.66	27.53
30	22	6.22	207.61	5.08	20.03
31	22	5.53	46.46	4.02	11.99
32	22	4.31	22.01	3.88	8.68
33	22	4.19	13.00	3.31	6.70
34	22	3.58	8.92	3.64	5.96
35	22	3.71	6.26	3.03	4.85
36	22	3.24	5.67	3.22	4.77
37	22	3.25	5.02	2.90	4.13
38	22	3.37	4.75	2.91	4.04
39	22	3.01	4.07	2.49	3.36
40	22	2.78	3.89	2.87	3.51
0	23	3.95	2.57	2.99	2.75
1	23	3.99	2.84	3.41	2.57
2	23	3.90	2.97	3.61	2.82
3	23	4.04	3.01	3.83	2.89
4	23	4.80	3.11	4.00	3.05
5	23	5.07	3.43	4.45	3.08
6	23	5.78	3.10	4.54	3.04
7	23	6.01	3.72	4.89	3.55
8	23	7.14	3.39	5.02	3.41
9	23	8.37	3.89	5.42	3.55
10	23	11.99	4.05	5.98	4.08
11	23	25.52	4.75	7.47	4.48
12	23	73.01	5.14	9.60	4.84
13	23	164.57	6.78	11.53	5.31
14	23	774.86	8.05	14.92	5.92
15	23	977.79	11.84	20.22	6.65
16	23	976.37	15.07	23.10	7.15
17	23	977.54	20.29	28.57	8.54
18	23	976.54	37.89	33.87	10.46
19	23	977.66	189.77	35.95	15.86
20	23	976.58	766.44	31.78	18.32
21	23	977.82	977.47	28.11	19.88
22	23	976.66	975.81	22.12	23.79
23	23	328.18	977.52	16.20	34.31
24	23	100.05	975.64	11.91	35.95
25	23	40.20	977.30	10.12	38.71
26	23	18.73	975.73	7.70	34.07
27	23	11.26	977.48	6.35	26.35
28	23	9.04	975.71	5.43	21.17
29	23	7.66	655.81	5.28	18.26
30	23	6.38	150.60	4.69	13.02
31	23	5.11	38.58	4.33	8.67
32	23	4.68	19.13	3.74	6.94
33	23	4.15	12.33	3.60	5.66
34	23	3.92	8.10	3.23	5.23
35	23	3.17	6.47	3.24	4.44
36	23	3.58	5.04	3.02	4.09
37	23	3.13	4.70	2.68	4.12
38	23	2.89	4.11	2.84	4.10
39	23	3.09	3.88	2.52	3.49
40	23	2.88	3.22	2.74	3.13
0	24	3.30	3.00	3.32	2.87
1	24	3.97	2.68	3.04	2.73
2	24	3.73	2.93	3.87	2.88
3	24	4.08	3.02	3.72	2.91
4	24	4.32	3.12	3.93	3.03
5	24	5.01	3.17	4.18	3.07
6	24	5.20	3.54	4.90	3.12
7	24	6.86	3.29	4.81	3.15
8	24	7.26	3.86	4.93	3.80
9	24	8.56	3.73	4.97	3.31
10	24	11.10	4.14	5.91	3.90
11	24	21.03	4.33	6.83	4.17
12	24	47.43	5.24	8.56	4.64
13	24	98.85	6.04	9.54	4.89
14	24	383.46	7.42	12.21	5.54
15	24	915.18	10.22	15.28	5.98
16	24	977.87	13.13	17.52	6.80
17	24	979.42	17.30	19.10	7.01
18	24	977.79	30.45	21.89	8.89
19	24	979.49	108.49	24.34	12.26
20	24	977.94	335.03	22.57	14.80
21	24	979.70	623.72	20.03	15.65
22	24	680.17	977.60	16.42	18.53
23	24	187.21	978.83	11.33	23.01
24	24	65.91	977.49	9.21	23.08
25	24	30.47	978.68	7.75	23.70
26	24	15.71	977.58	6.83	21.84
27	24	9.73	942.34	5.06	17.34
28	24	7.49	552.30	5.07	14.65
29	24	6.88	324.67	4.95	12.14
30	24	5.26	94.37	4.53	9.58
31	24	4.96	27.63	3.87	7.17
32	24	4.38	15.63	3.85	5.91
33	24	4.15	10.21	3.14	5.43
34	24	3.41	7.49	3.62	5.17
35	24	3.78	5.62	3.17	4.33
36	24	3.28	4.95	2.96	4.26
37	24	2.96	4.36	2.82	4.00
38	24	3.09	4.09	2.89	3.90
39	24	3.03	3.55	2.55	3.36
40	24	2.76	3.82	2.90	3.43
0	25	3.76	2.58	2.98	2.67
1	25	3.61	2.76	3.27	2.73
2	25	4.02	2.91	3.22	2.72
3	25	4.08	3.10	3.53	2.72
4	25	4.89	3.08	3.65	2.95
5	25	4.86	3.44	4.12	3.06
6	25	5.50	3.10	4.14	2.99
7	25	6.12	3.81	4.57	3.31
8	25	6.98	3.42	4.75	3.04
9	25	8.13	3.71	4.59	3.35
10	25	10.81	4.05	4.99	3.71
11	25	14.27	5.04	5.78	3.76
12	25	23.79	5.11	5.99	3.92
13	25	42.16	5.76	6.82	4.30
14	25	97.37	6.54	7.98	4.50
15	25	203.04	8.62	9.56	4.92
16	25	255.27	9.78	9.99	5.08
17	25	286.58	12.40	10.52	5.52
18	25	285.03	18.16	11.00	6.01
19	25	280.58	41.80	11.75	7.38
20	25	246.07	83.74	10.98	8.62
21	25	210.55	136.23	10.40	9.14
22	25	131.42	219.36	9.01	10.37
23	25	48.11	296.53	7.07	12.26
24	25	24.95	299.40	6.03	11.87
25	25	15.91	314.99	5.58	12.08
26	25	10.63	273.48	4.97	10.94
27	25	7.15	197.82	4.60	9.68
28	25	6.18	120.52	3.96	8.28
29	25	5.16	77.98	4.18	7.60
30	25	4.87	30.36	3.71	6.75
31	25	4.10	14.82	3.58	5.65
32	25	3.85	9.33	3.16	4.88
33	25	3.78	7.73	3.32	4.52
34	25	3.84	6.14	3.06	4.44
35	25	3.16	5.41	3.09	4.28
36	25	3.40	4.31	2.85	3.91
37	25	3.08	4.52	2.65	3.70
38	25	2.93	3.93	2.67	3.66
39	25	2.78	3.68	2.64	3.41
40	25	2.93	3.16	2.56	3.14
0	26	3.44	2.96	3.10	2.75
1	26	3.91	2.44	2.97	2.54
2	26	3.93	2.99	3.23	3.03
3	26	4.16	3.12	3.00	2.70
4	26	4.28	2.94	3.70	2.99
5	26	4.96	3.28	3.46	2.77
6	26	5.21	3.17	3.92	3.17
7	26	6.04	3.38	4.05	3.12
8	26	6.39	3.83	4.45	3.17
9	26	7.10	3.73	4.08	3.40
10	26	8.36	3.98	4.76	3.39
11	26	10.14	4.52	4.58	3.31
12	26	11.61	4.95	4.89	3.78
13	26	14.93	5.23	5.19	3.82
14	26	20.10	5.99	6.01	3.98
15	26	29.95	6.47	6.07	4.36
16	26	39.34	7.22	7.01	4.73
17	26	47.49	8.24	7.04	4.51
18	26	56.42	9.98	7.02	4.87
19	26	60.11	14.24	7.02	5.20
20	26	55.61	18.33	7.21	5.99
21	26	49.24	25.03	7.07	6.52
22	26	32.07	35.89	6.65	6.94
23	26	17.93	52.22	5.11	7.25
24	26	12.40	58.86	4.94	7.29
25	26	10.05	61.23	4.43	7.27
26	26	7.22	54.59	4.46	7.40
27	26	5.95	37.35	3.98	6.56
28	26	5.27	25.90	4.10	6.11
29	26	4.96	19.07	3.92	5.95
30	26	4.54	13.77	3.98	5.65
31	26	4.00	9.36	3.28	4.82
32	26	3.82	7.76	3.63	4.54
33	26	4.01	6.38	2.95	4.23
34	26	3.42	5.90	3.16	4.49
35	26	3.38	4.93	2.91	3.98
36	26	3.43	4.70	2.95	3.89
37	26	3.06	4.29	2.67	3.68
38	26	2.58	3.95	2.91	3.77
39	26	3.09	3.46	2.30	3.30
40	26	2.50	3.56	2.96	3.24
0	27	3.71	2.83	2.90	2.47
1	27	3.29	2.85	2.90	2.54
2	27	4.04	2.83	3.14	2.65
3	27	4.22	3.01	3.37	2.66
4	27	4.85	3.02	3.07	2.76
5	27	4.89	3.30	3.53	2.80
6	27	4.90	3.06	3.66	3.05
7	27	5.16	3.69	3.50	2.96
8	27	5.96	3.30	3.82	3.06
9	27	6.25	3.79	4.04	3.19
10	27	7.80	4.00	3.97	3.12
11	27	9.01	4.75	4.47	3.66
12	27	10.87	4.70	4.65	3.41
13	27	12.11	5.18	5.22	3.53
14	27	15.06	5.50	5.54	3.85
15	27	18.98	5.93	6.03	4.11
16	27	22.79	6.15	6.16	4.07
17	27	26.02	7.58	6.48	4.52
18	27	28.85	8.07	6.43	4.53
19	27	31.14	10.99	6.59	4.92
20	27	28.07	12.77	6.03	5.11
21	27	24.32	14.94	6.58	5.59
22	27	18.59	18.66	5.65	6.15
23	27	12.03	25.78	4.58	6.46
24	27	9.49	28.75	4.66	6.14
25	27	8.09	30.29	4.45	6.40
26	27	6.79	26.46	4.03	6.10
27	27	5.17	20.42	3.69	5.98
28	27	4.95	15.95	3.68	5.12
29	27	4.47	13.62	3.59	5.43
30	27	4.72	10.17	3.63	5.02
31	27	4.04	7.98	3.45	4.60
32	27	3.84	6.16	3.01	4.00
33	27	3.47	6.29	3.21	4.17
34	27	3.97	5.07	3.01	4.06
35	27	3.12	4.85	2.60	3.73
36	27	3.11	4.17	2.69	3.41
37	27	2.98	4.48	2.53	3.60
38	27	2.97	3.99	2.57	3.23
39	27	2.82	3.68	2.67	3.38
40	27	2.84	3.08	2.47	3.06
0	28	3.24	2.98	2.94	2.69
1	28	3.86	2.68	3.01	2.35
2	28	3.63	2.93	3.09	2.86
3	28	4.09	3.08	3.14	2.69
4	28	4.37	3.03	3.55	2.89
5	28	4.90	3.15	3.05	2.88
6	28	4.80	3.20	3.89	3.02
7	28	4.96	3.25	3.15	2.95
8	28	5.17	3.80	3.83	3.11
9	28	6.01	3.80	3.98	2.99
10	28	6.28	4.16	3.88	3.31
11	28	8.00	4.25	4.07	3.28
12	28	9.31	4.66	4.81	3.42
13	28	10.97	4.73	4.98	3.21
14	28	13.28	5.18	5.25	3.89
15	28	15.10	5.31	5.08	3.92
16	28	17.34	6.08	5.65	3.98
17	28	18.12	6.46	5.12	4.02
18	28	19.17	7.79	5.83	4.62
19	28	21.97	9.31	5.89	4.76
20	28	19.14	10.91	5.96	5.20
21	28	16.64	12.08	5.70	5.17
22	28	13.38	14.12	5.38	5.78
23	28	9.23	16.49	4.14	5.49
24	28	7.20	17.51	4.37	5.54
25	28	7.06	18.09	4.04	5.54
26	28	5.53	16.47	3.92	5.68
27	28	5.21	13.59	3.34	5.11
28	28	4.45	11.06	3.74	4.94
29	28	4.92	10.07	3.26	4.78
30	28	4.17	8.43	3.70	4.71
31	28	3.97	6.47	3.06	4.00
32	28	3.62	5.98	3.15	3.99
33	28	4.03	5.21	3.10	3.83
34	28	3.35	5.10	3.00	3.83
35	28	3.19	4.40	2.67	3.36
36	28	3.20	4.23	2.91	3.56
37	28	2.99	3.93	2.76	3.14
38	28	2.84	3.97	2.82	3.70
39	28	2.99	3.28	2.52	3.12
40	28	2.50	3.51	2.82	3.10
0	29	3.43	2.66	2.92	2.46
1	29	3.04	2.66	2.65	2.46
2	29	3.98	2.75	3.00	2.51
3	29	3.60	2.87	3.23	2.68
4	29	4.07	2.85	2.96	2.76
5	29	4.12	3.08	3.05	2.60
6	29	4.82	3.04	3.06	2.78
7	29	4.73	3.40	3.14	2.72
8	29	4.93	3.18	3.05	2.93
9	29	5.08	3.66	3.32	3.06
10	29	5.56	3.46	3.45	3.10
11	29	5.97	4.05	3.49	3.12
12	29	6.80	3.90	3.72	3.02
13	29	7.24	4.25	3.86	3.15
14	29	8.76	4.15	4.03	3.05
15	29	9.15	4.89	4.27	3.61
16	29	10.16	5.08	4.06	3.30
17	29	10.03	5.57	4.34	3.46
18	29	10.22	6.06	4.10	3.87
19	29	10.84	6.96	4.39	4.09
20	29	10.34	7.22	4.36	4.19
21	29	9.72	8.60	4.45	4.40
22	29	8.76	8.95	4.00	4.21
23	29	6.51	9.90	3.77	4.44
24	29	5.94	10.06	3.79	4.23
25	29	5.43	10.60	3.43	4.30
26	29	5.07	9.55	3.42	4.01
27	29	4.20	8.92	3.28	4.25
28	29	4.52	7.17	3.04	4.04
29	29	4.12	6.84	3.07	3.87
30	29	3.84	5.99	3.06	3.91
31	29	3.71	5.58	3.03	3.60
32	29	3.84	4.79	3.00	3.62
33	29	3.23	4.73	2.74	3.50
34	29	3.33	4.18	2.97	3.26
35	29	3.01	4.31	2.58	3.23
36	29	2.99	3.75	2.65	2.96
37	29	3.01	3.62	2.60	3.39
38	29	2.84	3.29	2.60	3.00
39	29	2.87	3.49	2.50	2.90
40	29	2.88	2.96	2.37	2.96
0	30	3.26	2.93	2.80	2.79
1	30	3.17	2.44	2.60	2.26
2	30	3.40	2.93	2.89	2.88
3	30	3.43	2.48	2.79	2.33
4	30	3.50	2.97	2.99	2.90
5	30	3.94	2.88	2.98	2.53
6	30	4.24	3.04	2.92	2.88
7	30	4.38	3.05	3.04	2.74
8	30	4.20	3.26	3.11	2.85
9	30	4.87	3.18	3.06	2.79
10	30	4.37	3.24	3.55	3.01
11	30	5.04	3.45	3.00	2.98
12	30	5.38	3.69	3.64	2.96
13	30	5.98	3.87	3.21	3.16
14	30	6.29	3.93	3.76	3.20
15	30	6.99	4.32	3.62	3.02
16	30	7.00	4.74	3.86	3.45
17	30	7.01	4.38	3.88	3.20
18	30	6.95	5.00	3.99	3.62
19	30	7.11	5.32	3.47	3.22
20	30	6.99	5.99	3.88	3.64
21	30	6.97	6.11	3.62	3.35
22	30	6.24	6.70	3.82	3.95
23	30	5.09	6.45	3.25	3.66
24	30	4.64	6.94	3.60	4.02
25	30	4.96	6.93	3.04	3.84
26	30	4.32	6.57	3.31	3.96
27	30	3.97	5.85	2.95	3.51
28	30	3.80	5.51	3.02	3.76
29	30	4.03	5.24	2.89	3.28
30	30	3.51	5.08	2.94	3.64
31	30	3.78	4.33	2.68	3.18
32	30	3.28	3.99	2.95	3.31
33	30	3.19	4.07	2.71	3.07
34	30	3.19	4.05	2.89	3.08
35	30	3.00	3.69	2.46	3.05
36	30	2.80	3.70	2.83	2.89
37	30	3.07	3.35	2.20	3.20
38	30	2.45	3.56	2.70	3.01
39	30	2.93	3.15	2.10	2.84
40	30	2.39	3.00	2.67	2.87